23754
38361
36902
23052
13299
10917
27225
26635
14721
42022
29252
26713
15655
23653
22889
26683
29933
36037
23612
28482
24599
26097
36426
22493
32579
24914
14542
32866
17360
22237
22929
16948
14103
31661
15760
45365
28866
32274
36026
32484
39993
15618
16080
14304
41428
29504
47028
17488
14359
21134
42311
40135
27720
39920
31163
21696
26898
17372
17167
28211
49155
37286
46991
12886
22641
47278
25430
35096
17420
10717
12477
46854
42680
47638
39225
22274
19048
49045
33011
35586
36209
33113
37547
10467
28758
18154
14447
28977
17018
48613
25397
46898
23334
31643
17023
36354
16107
48932
47801
33940
45262
15058
43149
35181
36684
18205
18863
33094
31519
45161
44814
13880
14265
34484
45792
47943
22194
41569
15215
34208
44164
43353
20086
37292
18800
16102
25719
11692
28135
18205
10066
11470
15697
25848
44352
18559
49279
26515
15364
30994
43584
19887
34494
34315
42480
13412
31225
29507
37913
31329
39865
48912
19617
48383
49622
41219
18100
20660
32679
32133
19250
33025
44943
15918
27631
23297
41880
27110
23217
47116
43116
32894
41759
48496
29921
39279
26938
36369
39571
47399
40845
38147
35730
17415
48756
46256
48227
38374
35375
21294
30407
38743
30859
20007
48910
16112
34087
37170
20331
17056