38635
46533
39997
40490
15583
36905
27649
40880
34283
36396
20790
16828
43228
26157
16528
35878
17098
20376
27525
23165
31594
13347
26577
47004
41316
20575
41742
47555
11156
41804
46386
15137
18623
23918
33115
39992
23611
13896
18435
22239
23404
23924
23246
22434
39852
24626
38664
31021
10687
44768
21103
43774
45680
42164
30176
25260
47685
16640
30087
45728
34492
39257
45590
47246
45824
12438
25544
20073
29588
48520
44939
13719
49977
32154
43677
48110
16997
45860
43131
21354
40047
40776
28879
24362
22046
28710
40157
39414
36917
47941
31433
26851
15962
22731
15505
43652
16183
34772
32000
41100
19295
31529
10538
15061
48385
15687
13468
46274
38426
39461
36708
49727
18327
26617
17699
39056
36244
46616
11371
12750
39029
30223
35111
38496
27278
10717
20943
34484
19184
15761
28088
38077
42293
32838
49116
47793
22037
46911
43855
43342
49793
33214
36247
39525
44450
47034
24261
12314
36237
30771
39253
44250
27403
36008
16590
41701
49890
30285
23266
49677
31194
43500
42536
10547
39837
28642
21298
42477
28195
43650
23277
27690
24606
22455
10290
36615
44950
16501
27224
42497
14571
20155
44350
31257
20720
10398
40501
33966
14127
49024
26357
39528
28540
45609
39498
41840
35934
31805
42857
43647
20831
43641
34217
45865
12689
43779
31553
18556
11882
18207
43244
35854
19215
22893
39411
18845
46492
48599
22492
14899
41232
32504
46033
49776
33845
33088
19885
37531
40713
44957
36890
15589
10825
18461
37968
15050
29853
28679
30899
14785
17326
38207
19566
40985
23593
30068
16655
13656
41929
48033
27914
36584
40301
17052
28107
43905
28472
43544
17278
23616
27375
14480
14775
22215
44170
21478
13004
48399
26076
20279
20836
31628
41110
14970
28807
31283
16689
37947
41851
23647
32777
17001
14493
17698
24766
12490
33466
24487
11121
39167
30585
35912
32202
44619
31605
34175
21728
42820
34696
17990
28180
25419
11841
28866
35221
22027
13292
36674
21193
24626
19690
26948
23557
20665
11047
39843
39848
15075
18502
23255
30260
23485
39295
10500
19998
28416
42374
40902
26930
31047
34552
25962
13768
26076
48284
36687
48390
28354
17881
25661
43138
32210
25496
35894
14285
43621
49806
43651
30425
12217
34627
46741
36482
41184
23966
13223
48905
21617
11840
22150
36914
16879
10308
42797
39606
39480
11732
30788
25166
11574
16884
34655
21478
25076
18456
29742
23182
29997
15952
32843
33696
12464
32532
30794
36558
43244
28815
10585
48301
38541
31756
10317
20473
45538
29071
22234
32709
28432
32320
49209
32715
17281
48389
33141
21726
43655
30593
14435
10636
26708
14954
31921
14094
36453
16196
21971
38757
21415
20698
12721
49256
34238
23449
46887
28389
34535
42390
24397
13666
41154
44309
20895
40504
37603
30923
48508
15761
40006
42200
48447
49039
19380
43185
27197
13518
36284
36490
47705
47453
18509
43638
42245
45919
21147
30270
25570
41048
16650
44373
41974
24634
45793
27645
27313
23726
21132
49596
36722
16253
43462
33013
39959
16110
13263
29750
35200
21179
46952
10977
30982
21864
37875
49438
20341
45551
19936
35016
13891
42233
32741
27703
27139
23794
11901
15540
22444
25254
44460
36021
34616
24220
20475
30695
22177
42195
30517
20626
24252
42060
12652
43102
14296
10823
17849
16188
34459
27672
26518
18380
30983
17036
44876
34522
37200
30300
26693
20690
39697
45300
49840
23346
16092
47012
34655
43235
30770
13249
37804
36105
10570
27900
28866
30698
33140
26316
49213
32043
16733
14380
31601
44383
13057
41616
34302
19127
37831
33112
49783
17559
30724
21222
29375
28758
27864
22062
33820
27551
44592
20214
41288
25422
26713
45859
30517
10102
14806
11162
26778
25627
29583
21868
27336
29474
45027
46955
18597
20795
37258
40385
38642
39020
45269
24253
23342
12544
22468
17176
30047
26395
21163
42497
18488
28466
25171
12874
19505
24523
12871
42632
22703
14929
28952
12039
24332
22697
33898
42188
16496
20859
20589
40831
11483
42653
37834
16189
43000
47901
12387
32363
40772
43607
40307
41745
32381
48101
41047
48205
17487
38555
23383
41224
20893
45886
40957
38771
22624
24056
39096
10051
39652
37660
10576
10579
21178
46475
17755
36214
42889
14332
10042
32237
45860
12166
47725
20523
16522
16588
44853
26313
39148
31378
20023
14425
12333
40202
36310
45473
18331
44029
46727
41749
38683
47233
42566
33761
20696
35076
43800
20626
14216
47250
49917
36127
37755
11186
32339
39713
22112
37721
35612
11398
16207
41938
42808
47220
46899
46378
20165
26806
42655
33843
37344
41913
30033
12399
26621
24309
47744
42230
36822
35693
41870
35864
29533
19216
45292
44999
41245
12080
42877
19801
24789
26840
16436
33290
40680
46936
43785
47367
31348
29839
23469
43852
36295
16046
36991
11288
29505
27994
26743
19536
49640
28795
40327
19834
24041
40757
23020
27030
16794
34389
46454
31647
29828
40584
10713
31149
45489
42250
39999
28807
20170
10544
40502
33868
25921
13755
48144
41342
12157
17537
49048
43078
35768
44047
40819
20700
28863
29011
31065
17985
25540
49997
10780
29344
20262
25648
35509
29661
37385
23626
31547
12350
40837
46124
44134
21706
47147
27443
15595
20199
49475
27106
37132
41050
47488
30479
20639
44411
42565
16464
38104
10301
33514
46241
20035
38567
32197
26660
35922
46477
37130
27549
23905
22342
16118
33892
26019
38684
48944
14401
48442
12760
46235
19051
39157
13515
11024
49561
37411
20768
30072
37032
46526
46534
34187
48774
32063
20598
48319
29480
48292
33920
41845
25243
12396
15335
24383
29053
28386
31316
39864
48195
28489
45165
31625
10943
17974
32356
31888
47800
23216
24660
36857
14452
40562
16226
20746
33367
47251
16196
45204
25068
34169
26359
37352
18638
37910
25036
41395
40685
23515
17007
40256
32801
20936
47481
31475
32698
45951
26453
11908
16045
10666
44725
21832
23958
32452
14523
20185
29013
33230
43951
15785
19680
40091
23481
42610
25800
42906
39191
49088
39876
31254
24965
29192
12519
20841
49061
15796
10220
33777
37661
30022
19300
26266
49936
31546
47913
20624
12184
25478
36840
42345
22432
28343
38443
38401
37213
45947
34956
17720
10644
36681
39846
31715
34543
16058
19128
28676
15667
37733
45068
24930
33831
21694
17432
34173
15327
38027
35335
23143
40089
42758
41681
31406
22030
26712
19522
47860
25025
45556
19194
49789
44581
11873
22719
11874
46117
32664
41858
26211
41181
41659
34435
33161
41431
40626
30357
10687
22412
30778
14178
37368
33101
33118
11772
25504
32536
49957
36098
17003
15711
29350
47439
18628
19004
27999
13162
43384
18118
33127
35312
28734
20331
42505
26058
10121
44501
43056
32606
29249
10539
38757
28304
26651
15107
12492
28707
20862
46329
46757
24402
28713
38468
22559
18180
43302
20435
41831
41581
17706
20412
23592
22805
35953
33373
34419
24538
33147
26374
13592
33227
44208
48688
25132
16798
35700
39158
31373
23210
39666
15982
23322
43269
38494
14949
16370
21547
13940
26050
11902
34585
38766
46096
38774
24795
10814
37433
27142
12017
15974
15925
13768
27302
20039
22136
33689
47219
20005
20216
23351
23733
49333
35808
13335
47499
19901
17343
33565
42069
32568
49190
37441
21111
36285
16390
23364
45310
43908
31339
32155
32192
43687
33029
17745
24467
27004
35702
12564
32192
37722
28546
32831
35294
19748
33642
22289
33689
46318
11380
19105
41402
33712
24893
43180
13056
37301
44362
29810
14975
39855
41347
42052
17758
42305
34328
33561
33529
18202
34751
39003
12350
29442
25149
13919
31361
21409
30541
21382
27967
43488
24319
45548
16737
26253
19323
12716
12097
10034
11874
38252
39955
42201
14246
31955
13041
44312
40746
28053
19986
31312
23671
33303
20837
48541
37792
21323
45326
13250
35044
26064
38801
43506
23158
32699
22413
33784
22119
43209
15351
20473
27505
46052
14621
32005
24570
41794
19105
12402
45032
47564
28318
17874
29965
47717
30686
16967
49010
26681
11542
37754
46622
10124
22559
34664
18766
32841
21974
12172
36527
42061
27363
42882
43675
19832
30994
19751
43320
42533
26092
14639
37462
17335
43361
40493
18992
25762
20818
40679
46213
29327
10197
29922
13002
25860
18849
29076
15030
47801
41785
48307
41414
27807
46409
22603
48526
40209
41891
22920
29159
27928
43117
10650
18024
47767
44790
12985
35103
33566
16445
43880
39473
39015
18933
40568
34251
49207
27869
43202
25488
21785
43747
10622
27309
12022
45665
29549
29505
47484
40337
47812
37331
17924
49861
26193
42220
14846
28542
29385
30011
39893
44115
41585
25843
38621
31151
16838
11986
35121
13695
10297
35036
19586
37952
41361
18944
44247
36139
13055
19938
10648
11604
30271
21583
37155
31846
28022
40438
12552
14777
28591
10990
11417
39245
44670
16011
44921
20326
37432
39520
28976
48251
28576
29693
36039
36724
22357
13087
47681
20151
38361
16258
20409
29097
44886
22516
18869
34898
32600
38301
26672
41729
19077
15286
23830
44757
35205
26133
49953
43377
36713
32501
34695
29413
12669
37272
21476
29235
35707
42459
35870
30401
18055
48821
20445
30530
35201
12523
16943
35140
27084
25974
38112
20606
40645
48531
26005
47385
19995
21068
12511
33448
15272
21067
47633
29753
37945
15442
46966
49002
47743
17018
45095
10706
37459
17926
27683
22175
28671
39304
28684
49170
42780
29990
43198
25592
14485
13187
11835
19131
27778
40622
39140
40124
45442
26857
47583
38613
43875
36312
39727
27158
41502
11269
14509
25179
25637
17120
34047
35992
22898
11361
43379
37194
33417
19279
13895
26287
49975
20108
23569
20193
46999
28731
40755
20854
38093
38230
14162
41046
15272
17165
41921
36604
30949
31301
16819
21318
19109
10180
48130
12248
18410
31382
45132
40387
27599
42146
23604
30586
37683
45978
35712
43268
12644
46791
28297
49892
49576
40459
11310
18951
26011
46739
24932
33650
42221
34454
16454
35973
32914
43356
46275
42099
22526
48284
19061
44014
39701
25494
21760
40213
37302
48890
42025
23571
14297
46029
17045
20955
15491
46995
30402
33072
34824
15004
43191
47607
35594
28841
43063
31105
22150
40007
46212
39491
30098
28292
46785
24530
19170
28321
17958
25243
40213
35193
22169
46026
12928
24659
41039
48800
13257
19997
18206
10356
41783
26390
15515