15207
16407
13477
14359
32359
35321
38377
40837
18537
49225
37523
34040
11899
45419
25780
24618
41953
49934
24713
24517
27265
43227
39292
20538
43184
20920
29292
11307
45897
13299
12222
49240
12213
29848
31881
23271
26697
25606
47187
36197
42976
18791
49013
44518
37955
43068
43187
31873
33666
28780
49775
28462
12975
23587
46687
28963
40483
27189
13097
11766
32185
29897
14643
13138
21679
21984
16120
20989
48291
10335
14847
49109
21703
11587
19497
11199
43640
26701
14211
40592
39928
33508
16931
36905
31649
43911
40100
22288
35669
37301
39111
10243
26302
25567
18328
20690
41568
42867
22616
41829
31683
41498
33905
10806
49634
43919
29407
29879
28502
37074
19445
49408
10520
40436
32529
37234
33810
41368
37069
26273
24232
43599
34519
18902
34909
16530
34920
12776
39697
36003
42036
29682
12000
27166
31075
39654
29042
30214
10993
33907
19281
12558
49955
13644
44788
22868
37030
26465
10967
14274
36915
26722
30121
18951
39148
10030
42147
33466
12712
18104
18334
14708
28954
42807
33333
37268
15958
24582
35776
16099
17312
37379
22826
14955
48764
16910
22712
40935
17168
20461
45225
23326
42934
10509
42272
10821
12356
11071
27001
27083
17274
23631
44025
36775
35770
33989
10515
10262
46626
17320
29758
38338
12605
36690
12863
44692
35766
38458
40936
22271
42509
26771
38318
44471
14032
30233
47177
11479
38594
38987
13860
45844
19946
12947
45461
46919
37568
44842
10007
27813
11347
35070
20597
16647
17314
49959
26588
24448
32327
18786
44175
27547
45454
15922
35029
17963
41065
25277
39816
48735
21872
17144
38924
14780
38941
47690
26136
34993
48717
13396
15726
23182
19472
19735
39076
34713
16701
19504
29772
32842
49759
37627
10084
12672
38488
24244
11917
43000
49479
26420
24044
12075
37096
19187
24468
18119
17716
25345
16101
23827
47341
37379
23050
34158
46330
28351
17752
36894
36221
48527
23495
46797
29571
36390
30968
16100
26449
33025
37642
25987
30451
30970
38638
14217
42735
31409
10184
14696
25671
21401
36264
31948
21470
35188
43711
19728
11873
20527
14959
39218
19473
35130
43364
21771
36178
16620
18297
26593
26008
10212
26924
20953
33390
33124
26298
40108
48862
47023
25349
32816
14318
26404
34947
37613
13185
12905
19293
17073
29291
49520
33192
26750
39401
43883
34800
40652
49664
34527
16856
27256
16707
47032
17164
44040
29591
14141
42926
24864
46934
24552
13079
21409
23481
19071
39750
30300
31747
44830
22470
28130
36622
21850
35589
11980
29382
40057
25987
44611
40002
31475
12221
18972
46966
34613
33786
24669
24110
29017
38389
10753
37904
12194
27673
38937
14583
14912
16664
46923
45406
37857
35558
42645
42479
23965
31094
17113
22438
22961
32388
20272
37299
48741
38577
44291
27057
39632
34340
16126
25395
12999
20460
43886
27568
25734
11322
42700
11185
23135
26384
43763
14885
13343
44702
42964
49208
36460
18030
23311
42599
15317
14862
26852
42126
20091
24975
44004
44973
30397
26418
23179
15466
23821
16930
24781
11643
49431
40333
37565
38454
27290
43702
47001
46532
46224
49267
14245
16587
13570
17173
47322
29715
41086
13383
22374
26787
40373
34747
33151
47167
48785
41207
10631
26638
30918
21942
44484
36292
46335
38195
13868
26656
27596
18507
12069
33752
17509
30815
22458
42079
29462
26209
10722
11243
11793
23590
42949
48251
14585
31779
28010
37260
36727
35984
33652
49777
13359
40085
11357
46424
30505
38812
41458
38476
41690
11416
39361
14116
40622
11566
41191
47602
14175
28360
39088
29394
10882
27285
31555
47541
37041
14033
33150
29796
19466
47149
38394
25487
23167
11689
13993
31057
19131
17466
29578
27757
31117
49091
35246
47216
19889
47503
49430
28088
23927
17028
48979
15010
37274
40538
23342
45807
32819
35813
45601
13895
11715
17818
39968
22826
38174
26243
45041
33989
49485
31809
40096
24403
42258
14305
38763
30908
26918
30511
15362
32442
30147
18044
30685
46006
35295
35514
43923
31953
41207
23823
20786
29030
23676
12846
26381
49464
32906
43752
11552
21095
20641
44731
38325
48383
16644
43170
29474
38115
38510
29071
21576
47799
46500
42637
37231
37595
14602
39639
10722
49136
18086
26892
44680
19743
32663
37852
23280
16506
14163
38361
47246
14835
21566
32240
20162
10834
27697
42646
48293
12678
47406
21407
24429
37990
18613
42760
18112
24375
33058
31099
30507
11986
21948
48749
11989
12654
44123
24915
31316
44772
34706
35139
21657
17188
12376
23032
20368
42177
23264
23169
17682
36104
23974
44062
16343
49083
45617
17081
37689
14836
36544
26638
17801
37478
48098
15113
23133
27622
45659
17316
45220
13457
33691
18881
45582
12410
13661
11792
21919
37647
24694
39116
29576
38536
37679
17146
12057
12815
13676
24703
19286
24686
32031
42062
47116
30580
36123
12260
22866
49253
31750
34254
26215
46105
43568
30573
31325
42689
41209
40822
15933
13829
48809
17809
31908
27024
44748
26103
35220
17560
18051
47230
23016
29033
24727
39718
48348
10244
49271
20821
33032
16575
20294
49406
49127
43247
11431
15569
11224
30710
46722
44801
49316
39852
24242
41398
29784
11522
28741
20683
41879
30508
45575
22603
48517
26287
47035
30430
43568
42172
36883
40291
12106
18622
29501
11742
25964
28679
29572
25517
35722
49924
27487
34148
32773
31327
22614
33726
30872
45055
16491
21613
41332
16290
12091
26411
30696
41143
23185
37313
33848
34874
46244
27735
23783
17889
42575
19121
39774
49856
11715
46529
34645
12103
42342
42185
48561
26474
49624
33720
32346
42586
19582
40175
36182
13508
33003
16524
11815
11298
14775
25720
47087
36467
42570
30497
31799
34958
46441
29342
19499
17590
11638
26425
37874
40818
29185
25955
10072
15905
40432
25336
11178
14495
27721
28196
30918
46905
24894
10040
19889
46725
47082
39707
40956
36988
15939
44511
25551
11947
44059
27244
15445
13352
32646
17766
38887
42994
16348
28710
21070
22959
43099
41958
23307
41979
40216
38197
36654
25965
22250
18430
28036
41001
19500
35816
48194
45715
18438
48065
49538
30163
46629
46233
47151
23773
25784
11253
16526
49248
47225
33905
40665
14745
36517
42628
40231
22338
18874
37636
11872
12047
10053
18794
24093
29943
19393
40502
12578
47302
28954
33666
44678
22693
48838
37563
32527
18887
49289
11791
11994
36312
12747
47350
32275
25360
30673
31153
20501
11323
29533
42891
42570
12624
21346