48990
48741
34585
44645
15185
24804
13472
10744
36087
27256
33611
23335
26916
15245
40611
11394
26837
47958
11363
43796
40205
10557
41127
39611
21854
38605
46929
18208
12295
32239
38581
10119
13277
40713
45025
44952
13671
35067
49572
20571
30930
37613
17585
17927
29546
15868
44003
25849
17360
12585
13913
18937
18419
36736
23065
11512
32390
45071
19079
22619
17861
25068
21868
45269
35869
26990
35863
35562
48251
24311
18341
38402
38487
31421
17431
36906
26008
33151
49703
30308
49166
28636
28469
22924
20724
45239
36744
23210
35150
29265
11715
31675
38445
30558
33533
44690
15596
43081
30290
47626
28761
39410
49681
44863
33138
37547
14496
10448
47774
35405
33479
42227
39351
31315
34092
27177
10726
43823
20766
49808
14654
38192
47934
32087
34456
23994
47693
38723
31216
40343
37201
43739
41416
28880
33495
46380
48631
38030
41082
11170
41325
46515
25991
48258
43958
26473
28192
48622
43822
42336
15149
45032
19084
11118
12752
42807
14133
12233
24766
30623
24743
39082
23787
25921
40174
32279
16694
32691
41866
21819
41687
18610
29273
48812
32796
35693
32645
15341
26605
34701
25801
44815
32210
20433
40649
13619
14054
18396
35458
10003
15279
27046
44868
30189
42040
28482
18674
16126
45810
34643
42974
31390
17608
46691
15300
17512
17118
29261
12612
11551
32407
47400
31923
13901
26899
28866
19331
12599
26914
22083
18367
20300
31760
44262
34463
24969
16973
11225
24398
37069
19910
47463
33177
17168
47625
40409
44418
34814
37093
10256
42865
46466
40397
28694
14134
46640
38862
27393
10371
11021
20746
40313
28599
15194
18413
18511
21639
32281
49138
46388
33042
26326
30923
36852
24801
10662
13891
30291
43149
39849
24439
20338
47836
35932
20323
25927
48685
20252
24740
34962
19082
44933
15916
25068
35898
21387
19743
10991
24184
24217
31911
30349
27087
46034
37075
27168
40808
38305
37970
35191
38354
30186
25178
19046
41116
33237
38485
49740
26179
42313
41291
37583
46071
11215
28342
49855
27950
30670
36777
18714
13210
14129
16717
18798
41754
38567
18953
20141
34212
36282
49396
12321
41963
30070
28001
28233
44538
48010
34294
14549
16454
27438
38817
31918
29600
19559
31164
24841
31698
23557
13448
49887
37294
41290
27151
24780
43668
44393
34029
44610
21859
32735
23671
37292
41380
10849
46186
26589
12238
32654
24678
37730
21930
26853
15968
40811
13762
25220
28399
37877
17573
14923
21380
35339
12305
18069
13828
17015
10094
38612
25341
48106
11977
28990
17352
30265
26804
23034
42948
39131
33364
11290
29313
47106
29325
40044
29775
40217
38864
23260
33461
16634
26446
24836
39579
15935
23338
37342
42755
39676
16979
39494
12388
18190
44403
14100
39238
29041
48518
14429
46227
44361
23824
40225
48916
48034
20608
45672
24062
27575
39642
47665
20914
42253
46852
45333
41234
39454
45733
12449
17152
12484
12500
12214
46885
30937
40890
28375
14038
35583
49141
37789
20429
16473
17779
20471
13256
39348
15062
25315
41858
47729
39500
36239
19798
31083
31533
34893
25882
10365
30717
21233
34697
44370
33504
31085
11228
30521
28853
10488
39128
32440
32538
36479
10951
29192
35433
33953
21797
33777
36720
28498
35015
26078
23742
23804
40713
44730
11560
12272
14148
44520
18630
26933
29505
44343
11464
30203
37393
27796
49056
49709
25334
48308
10209
16620
47037
36556
12664
47160
22149
41813
38514
49933
10821
40326
25484
10396
34445
19969
38541
20372
12965
48139
20379
25869
10389
36233
23821
11139
12459
47103
11604
27140
46900
18799
41744
17904
41239
16605
37493
44104
26994
47822
25131
40560
17045
48015
34290
31793
25424
15755
35152
17716
48426
12464
43975
27468
33335
15423
39977
35487
43938
30048
10286
42648
15628
12550
41254
14162
19405
21149
46342
10851
24095
45944
48996
43183
13336
14987
47217
38017
30892
25826
34938
29581
45588
31887
40563
29958
37547
35363
48691
17525
48004
39584
33323
11681
11635
33538
48126
49522
11861
46853
10974
35098
39752
47938
21367
34351
20797
17838
27308
46163
18004
16665
13186
38661
44033
25185
44940
32525
28684
33555
16507
34254
49872
16290
28769
49454
49371
14751
21205
31473
11125
22509
18902
44791
15982
43414
36822
18359
37041
12363
18711
49226
35125
44418
33868
48214
22028
35052
26632
41364
15313
19478
30329
35501
32399
36642
29222
12277
21864
19653
38341
44811
20642
15076
41311
34550
44580
18584
26498
30799
39729
27401
24952
10220
48115
43795
12865
36013
28448
14694
10090
37297
25184
40017
31044
14735
46770
31067
37424
27288
31482
10336
32193
40902
29177
18580
29041
44647
45579
49863
47745
27162
40799
19110
28453
10885
20124
11020
33085
44891
20497
38260
23509
47034
37664
42596
10985
44876
11702
39433
16677
49115
40696
31768
42172
42500
15358
28509
45249
12772
49176
13556
46287
13246
13969
43884
42791
15878
38968
30891
36488
46488
36435
40258
15868
30535
20703
23159
14377
10306
25119
34079
39573
43639
16646
13423
15840
40619
49747
44881
32289
11264
44231
35283
33193
11818
42025
25534
15827
34237
35212
41158
16178
47505
33611
12939
38635
46533
39997
40490
15583
36905
27649
40880
34283
36396
20790
16828
43228
26157
16528
35878
17098
20376
27525
23165
31594
13347
26577
47004
41316
20575
41742
47555
11156
41804
46386
15137
18623
23918
33115
39992
23611
13896
18435
22239
23404
23924
23246
22434
39852
24626
38664
31021
10687
44768
21103
43774
45680
42164
30176
25260
47685
16640
30087
45728
34492
39257
45590
47246
45824
12438
25544
20073
29588
48520
44939
13719
49977
32154
43677
48110
16997
45860
43131
21354
40047
40776
28879
24362
22046
28710
40157
39414
36917
47941
31433
26851
15962
22731
15505
43652
16183
34772
32000
41100
19295
31529
10538
15061
48385
15687
13468
46274
38426
39461
36708
49727
18327
26617
17699
39056
36244
46616
11371
12750
39029
30223
35111
38496
27278
10717
20943
34484
19184
15761
28088
38077
42293
32838
49116
47793
22037
46911
43855
43342
49793
33214
36247
39525
44450
47034
24261
12314
36237
30771
39253
44250
27403
36008
16590
41701
49890
30285
23266
49677
31194
43500
42536
10547
39837
28642
21298
42477
28195
43650
23277
27690
24606
22455
10290
36615
44950
16501
27224
42497
14571
20155
44350
31257
20720
10398
40501
33966
14127
49024
26357
39528
28540
45609
39498
41840
35934
31805
42857
43647
20831
43641
34217
45865
12689
43779
31553
18556
11882
18207
43244
35854
19215
22893
39411
18845
46492
48599
22492
14899
41232
32504
46033
49776
33845
33088
19885
37531
40713
44957
36890
15589
10825
18461
37968
15050
29853
28679
30899
14785
17326
38207
19566
40985
23593
30068
16655
13656
41929
48033
27914
36584
40301
17052
28107
43905
28472
43544
17278
23616
27375
14480
14775
22215
44170
21478
13004
48399
26076
20279
20836
31628
41110
14970
28807
31283
16689
37947
41851
23647
32777
17001
14493
17698
24766
12490
33466
24487
11121
39167
30585
35912
32202
44619
31605
34175
21728
42820
34696
17990
28180
25419
11841
28866
35221
22027
13292
36674
21193
24626
19690
26948
23557
20665
11047
39843
39848
15075
18502
23255
30260
23485
39295
10500
19998
28416
42374
40902
26930
31047
34552
25962
13768
26076
48284
36687
48390
28354
17881
25661
43138
32210
25496
35894
14285
43621
49806
43651
30425
12217
34627
46741
36482
41184
23966
13223
48905
21617
11840
22150
36914
16879
10308
42797
39606
39480
11732
30788
25166
11574
16884
34655
21478
25076
18456
29742
23182
29997
15952
32843
33696
12464
32532
30794
36558
43244
28815
10585
48301
38541
31756
10317
20473
45538
29071
22234
32709
28432
32320
49209
32715
17281
48389
33141
21726
43655
30593
14435
10636
26708
14954
31921
14094
36453
16196
21971
38757
21415
20698
12721
49256
34238
23449
46887
28389
34535
42390
24397
13666
41154
44309
20895
40504
37603
30923
48508
15761
40006
42200
48447
49039
19380
43185
27197
13518
36284
36490
47705
47453
18509
43638
42245
45919
21147
30270
25570
41048
16650
44373
41974
24634
45793
27645
27313
23726
21132
49596
36722
16253
43462
33013
39959
16110
13263
29750
35200
21179
46952
10977
30982
21864
37875
49438
20341
45551
19936
35016
13891
42233
32741
27703
27139
23794
11901
15540
22444
25254
44460
36021
34616
24220
20475
30695
22177
42195
30517
20626
24252
42060
12652
43102
14296
10823
17849
16188
34459
27672
26518
18380
30983
17036
44876
34522
37200
30300
26693
20690
39697
45300
49840
23346
16092
47012
34655
43235
30770
13249
37804
36105
10570
27900
28866
30698
33140
26316
49213
32043
16733
14380
31601
44383
13057
41616
34302
19127
37831
33112
49783
17559
30724
21222
29375
28758
27864
22062
33820
27551
44592
20214
41288
25422
26713
45859
30517
10102
14806
11162
26778
25627
29583
21868
27336
29474
45027
46955
18597
20795
37258
40385
38642
39020
45269
24253
23342
12544
22468
17176
30047
26395
21163