41398
29784
11522
28741
20683
41879
30508
45575
22603
48517
26287
47035
30430
43568
42172
36883
40291
12106
18622
29501
11742
25964
28679
29572
25517
35722
49924
27487
34148
32773
31327
22614
33726
30872
45055
16491
21613
41332
16290
12091
26411
30696
41143
23185
37313
33848
34874
46244
27735
23783
17889
42575
19121
39774
49856
11715
46529
34645
12103
42342
42185
48561
26474
49624
33720
32346
42586
19582
40175
36182
13508
33003
16524
11815
11298
14775
25720
47087
36467
42570
30497
31799
34958
46441
29342
19499
17590
11638
26425
37874
40818
29185
25955
10072
15905
40432
25336
11178
14495
27721
28196
30918
46905
24894
10040
19889
46725
47082
39707
40956
36988
15939
44511
25551
11947
44059
27244
15445
13352
32646
17766
38887
42994
16348
28710
21070
22959
43099
41958
23307
41979
40216
38197
36654
25965
22250
18430
28036
41001
19500
35816
48194
45715
18438
48065
49538
30163
46629
46233
47151
23773
25784
11253
16526
49248
47225
33905
40665
14745
36517
42628
40231
22338
18874
37636
11872
12047
10053
18794
24093
29943
19393
40502
12578
47302
28954
33666
44678
22693
48838
37563
32527
18887
49289
11791
11994
36312
12747
47350
32275
25360
30673
31153
20501
11323
29533
42891
42570
12624
21346
37031
42539
36430
32010
45099
44247
39773
17718
10239
31545
25803
28347
44137
23610
44529
37924
18235
20295
13315
15733
14827
48078
15043
27979
21848
40610
38373
16404
45655
30314
36730
17940
29584
24714
33902
39789
35565
40036
49415
41073
42748
49795
25909
39115
48137
32173
46874
20470
41066
43068
35620
18102
42265
15380
22627
49281
46680
10994
38198
12292
19464
29642
40476
16822
17201
42775
24300
19597
19498
33875
38631
41435
34720
31365
48459
24033
40370
49919
45500
35526
32858
47202
48182
11675
23691
40207
20688
11822
42762
42642
26121
39295
46460
30620
49173
11580
20255
49078
25384
11475
36866
17877
32301
45624
33925
41733
49606
44163
18033
23082
31968
26634
48060
25947
39470
32771
16889
25404
25574
10101
11750
41086
16287
47325
17345
45768
22845
36446
37084
17646
11366
40841
32072
48094
47335
15832
29264
40514
45118
14674
44810
22925
37969
19434
41673
16836
25045
21458
30213
31025
35528
20918
23763
40841
15499
37664
44507
28591
11525
27149
48884
44256
20738
28975
46304
45653
24132
16558
31141
39330
11195
42364
24289
19752
49960
48264
24099
24372
26139
17719
21626
22670
42364
30851
21506
42646
21022
44619
14460
46043
48604
32446
35225
47448
30151
20052
42909
25108
34797
14698
44897
44838
40199
30872
24926
23228
43000
34748
29577
17287
24839
10966
24024
22691
19953
41914
47284
13282
26616
47830
45508
13998
39532
23895
27912
45333
25549
14801
10100
22394
44833
46611
37396
32146
22079
26036
28556
30447
45332
12189
12185
32102
25130
39494
33795
30056
17305
34390
29064
20862
46676
42635
30327
15913
24531
23856
23759
38391
44486
11386
17175
48316
41143
43682
40682
34427
49016
43817
20524
20968
26782
16825
18155
34984
17614
49808
13462
36853
36346
49380
34833
35921
10980
16814
44816
22578
25724
17200
37283
10676
17950
12003
25417
42373
18307
46628
19838
14650
41698
27501
45055
10357
37907
14635
39988
34309
32591
11356
35981
24559
34425
16411
25452
48987
25414
26592
43326
29052
16920
19311
11010
12893
10778
23965
41236
14824
17229
35378
36300
21852
42390
24805
37856
24903
44979
29910
10041
12576
21064
34048
35813
35252
37354
30537
20986
26029
13678
34465
10249
45407
35458
24704
26520
10480
34980
28216
44055
47729
42270
21183
24673
44151
31021
29347
41918
10106
28941
12865
27939
22312
13959
24476
13012
30494
10724
45508
42928
18086
44201
25246
31687
21672
37260
19428
38475
30000
16902
13462
28312
24680
21544
40909
15437
25248
24865
28430
46612
49154
18218
45988
26467
18105
15520
36389
29318
22345
30227
36174
27093
11514
24139
31475
34282
29613
29686
40509
27277
49740
45217
36387
35231
31096
15149
49145
12913
31678
38847
30430
46840
33197
47178
17987
15439
21881
43720
10172
42384
34000
33034
42687
23536
29365
34945
23169
35655
46880
15171
38946
20454
44276
27674
24837
39003
48509
12006
32159
43186
33388
26621
28974
15864
10380
21495
45887
41220
28116
45779
17232
32521
28531
34120
33135
38637
18917
34260
24551
13355
29738
13750
30020
40635
11776
44966
40985
29734
47251
41073
26963
47343
46136
14366
39279
34951
32280
38566
30092
48612
10772
18289
16065
31412
42451
38071
16624
47077
39812
25071
43515
11058
29218
31573
11739
44809
31141
37867
34164
27808
42146
17226
19999
33694
33503
40056
45360
49920
26334
27816
41089
15347
49816
45807
15949
30569
16699
19810
24553
11278
35101
48508
12273
23921
14056
45423
31030
16697
31690
35667
37612
45643
14810
11791
25475
49436
36997
48556
27305
28099
21589
33846
28263
41915
21795
45054
39302
21585
49581
41028
33534
31800
44951
11883
34505
28024
12848
33572
43113
42868
35123
45476
12144
35024
12826
45607
30139
28748
10226
39848
42236
29706
28216
38723
27335
16781
49406
35349
25917
23975
32275
23368
15833
48990
48741
34585
44645
15185
24804
13472
10744
36087
27256
33611
23335
26916
15245
40611
11394
26837
47958
11363
43796
40205
10557
41127
39611
21854
38605
46929
18208
12295
32239
38581
10119
13277
40713
45025
44952
13671
35067
49572
20571
30930
37613
17585
17927
29546
15868
44003
25849
17360
12585
13913
18937
18419
36736
23065
11512
32390
45071
19079
22619
17861
25068
21868
45269
35869
26990
35863
35562
48251
24311
18341
38402
38487
31421
17431
36906
26008
33151
49703
30308
49166
28636
28469
22924
20724
45239
36744
23210
35150
29265
11715
31675
38445
30558
33533
44690
15596
43081
30290
47626
28761
39410
49681
44863
33138
37547
14496
10448
47774
35405
33479
42227
39351
31315
34092
27177
10726
43823
20766
49808
14654
38192
47934
32087
34456
23994
47693
38723
31216
40343
37201
43739
41416
28880
33495
46380
48631
38030
41082
11170
41325
46515
25991
48258
43958
26473
28192
48622
43822
42336
15149
45032
19084
11118
12752
42807
14133
12233
24766
30623
24743
39082
23787
25921
40174
32279
16694
32691
41866
21819
41687
18610
29273
48812
32796
35693
32645
15341
26605
34701
25801
44815
32210
20433
40649
13619
14054
18396
35458
10003
15279
27046
44868
30189
42040
28482
18674
16126
45810
34643
42974
31390
17608
46691
15300
17512
17118
29261
12612
11551
32407
47400
31923
13901
26899
28866
19331
12599
26914
22083
18367
20300
31760
44262
34463
24969
16973
11225
24398
37069
19910
47463
33177
17168
47625
40409
44418
34814
37093
10256
42865
46466
40397
28694
14134
46640
38862
27393
10371
11021
20746
40313
28599
15194
18413
18511
21639
32281
49138
46388
33042
26326
30923
36852
24801
10662
13891
30291
43149
39849
24439
20338
47836
35932
20323
25927
48685
20252
24740
34962
19082
44933
15916
25068
35898
21387
19743
10991
24184
24217
31911
30349
27087
46034
37075
27168
40808
38305
37970
35191
38354
30186
25178
19046
41116
33237
38485
49740
26179
42313
41291
37583
46071
11215
28342
49855
27950
30670
36777
18714
13210
14129
16717
18798
41754
38567
18953
20141
34212
36282
49396
12321
41963
30070
28001
28233
44538
48010
34294
14549
16454
27438
38817
31918
29600
19559
31164
24841
31698
23557
13448
49887
37294
41290
27151
24780
43668
44393
34029
44610
21859
32735
23671
37292
41380
10849
46186
26589
12238
32654
24678
37730
21930
26853
15968
40811
13762
25220
28399
37877
17573
14923
21380
35339
12305
18069
13828
17015
10094
38612
25341
48106
11977
28990
17352
30265
26804
23034
42948
39131