10851
44711
27580
11173
15668
32055
41099
47911
24410
48265
19064
47884
38182
47200
17465
41029
37883
18203
20025
27169
19905
12083
32071
13516
10223
28625
26396
46856
24231
24616
16897
14078
36460
38579
34788
13390
41887
31400
24828
32730
35677
39939
23873
13576
35691
43962
49037
17467
20172
12240
43510
16990
26084
48924
48270
11061
21672
43249
45335
23969
10735
41878
33332
20781
41337
16588
40134
20139
28270
17738
26897
30956
37878
42181
16312
29399
47830
28866
26590
37255
39246
37559
25231
47777
18491
42617
11327
30320
21650
29363
31765
18176
11123
36034
13174
39537
19084
33593
20714
45974
27136
43546
10341
16727
49630
41144
39275
18457
35118
33362
40330
29626
30698
24890
29122
44704
40263
35191
45047
32721
20036
24300
18316
42643
30117
32553
40453
23468
28396
27500
15900
48243
24677
26878
14963
14655
14468
40061
18157
38010
35553
41260
44085
20027
23681
13583
48777
29475
10474
28735
45768
34748
45805
37611
39304
29273
30520
39583
31085
49987
36232
33818
24617
15836
21471
43369
47884
23494
22992
48029
20978
42328
29459
15610
22446
12346
22188
41891
38117
41229
30214
41834
26506
30226
29409
14683
32979
28477
37172
22931
22859
28182
34206
20381
40269
49114
17264
27186
12372
14597
10011
44418
37319
10416
43617
12378
13213
48388
44912
26579
19509
43752
30726
45657
35324
14262
17189
10030
15504
27146
45755
48243
14402
38656
42965
41356
18379
14916
21073
30607
42787
39805
28943
27443
15317
24160
45262
22337
48316
35247
37350
10774
26396
46047
28701
48102
42656
11711
33987
22497
15570
15501
36950
18999
42094
24045
20566
32993
29593
45935
45731
35298
21998
27528
12419
37300
10153
37672
14350
38332
26266
42105
41484
32830
45688
21535
18938
20319
15980
37342
18591
12704
46284
31519
11556
39549
13640
10387
14041
18731
38490
25136
15340
15575
40474
46353
48561
36041
23794
12508
46068
33367
35876
26302
31449
11960
41165
37189
18234
14120
33523
42087
20601
10917
15962
19882
35856
39312
12901
38330
30393
44096
21085
20815
34315
27838
40917
36470
21182
45212
33609
35645
27451
20047
18534
49132
34531
10174
29662
13688
44478
25884
14818
23795
47581
11110
42789
15729
34708
41583
14492
42300
37416
31347
26479
15311
35271
41631
44531
46219
15110
31391
48815
42509
18784
26673
42975
14610
12203
42231
24002
14611
19696
43471
26495
14863
43878
27828
25339
38258
22134
28338
11616
13258
12111
44709
19219
35750
29117
31362
35644
31422
43548
13964
12927
49085
31997
27820
31614
35363
26459
26906
38168
19606
22167
40256
25380
42970
11993
42582
31823
30047
34093
35691
27123
30285
19002
46638
49079
34814
43797
36044
33472
33698
26109
46942
26388
33521
31288
41458
17729
24344
37601
40503
33844
27908
25350
39628
38459
21584
41465
41931
19949
42490
10761
37308
36263
15783
29149
25699
37989
15943
19101
48498
44020
13910
26782
42376
37625
11330
13539
46264
33995
15288
13268
49658
19305
26630
40378
13437
21568
47146
49419
31558
34647
47569
15606
18804
12130
19528
29772
14020
30571
48759
12295
13731
21611
36188
11815
46497
19320
46426
40327
42284
18171
24053
20251
25054
10894
30457
17843
40129
41318
12125
24960
37631
21150
21170
46572
42523
30378
49719
43234
24623
19383
29440
35498
37142
25231
19226
17578
25865
13319
35624
28117
27938
11470
16248
39553
48488
49411
43042
49897
43021
31974
11430
36918
20323
30520
38466
16195
10344
13017
44042
11956
40694
26772
31337
45612
39548
21116
44241
16841
20969
13901
45553
41507
35386
12966
27415
46609
19497
47966
27907
44905
24559
47246
12435
19818
22359
30751
10216
26535
49867
25358
46463
48721
23421
23035
49631
14294
27674
32069
48548
43472
12754
45761
22629
44616
10426
24515
28140
22736
37431
14032
46117
43331
11126
28200
30105
31554
21734
23924
17211
31549
32704
40530
40233
35322
44148
15289
49833
31097
40404
11870
11910
22305
37871
11892
40491
18301
39795
40271
27213
28204
41785
33417
17262
19316
30553
11050
49337
34256
47589
27031
44040
49326
47854
32408
48653
14799
17896
14899
43202
34226
39651
47051
25256
20266
28014
19557
20712
30989
23600
34236
35390
34814
10490
34913
45037
30299
24644
12185
38336
47289
42944
24541
25379
11351
40753
46626
42133
41964
49303
14022
44679
21082
13038
30165
48837
36583
29801
21859
13752
44502
11169
32031
34153
46885
24738
38174
24085
47458
11328
24344
15576
48615
45562
28028
33928
28054
38676
28664
43713
14154
37553
16284
28380
38111
37837
32739
21019
43484
36543
35458
31858
31632
46266
48809
29943
20929
46073
48433
36876
45241
43974
22349
11564
21010
15941
42831
12549
33142
13643
48925
40211
17095
40840
35727
48092
22122
16428
35104
11357
27630
20358
32490
31449
16145
23813
46418
12572
38736
30580
40793
32708
15891
46524
41337
14098
18100
14102
13150
40177
11081
37428
19363
18299
31135
48715
35747
13529
39227
11417
31584
35160
18201
19550
42548
28729
22156
43878
12318
25641
47850
23456
23651
25906
41789
15241
30211
46494
18634
22052
49825
33383
26292
25916
47530
44574
45256
48257
16436
42855
28235
40644
47297
46384
26743
49330
35026
36343
45048
49911
49130
37000
40790
23600
17047
15842
40205
39276
13683
42704
45474
32358
36078
10944
44396
26936
23280
31173
46230
23393
31534
46212
40920
46784
28387
40490
19661
18026
45175
12229
37353
43953
39749
43821
10690
45905
27171
27287
14766
12572
26518
29703
34455
13270
37703
35600
15731
47117
44520
18396
31363
31725
35040
44070
22777
10516
38577
37068
34104
25490
40553
16226
12672
31702
23159
33123
11520
22970
30186
39978
19971
29928
45323
15654
47300
12112
40708
26884
49383
29337
37629
35440
48779
43832
33615
40793
12772
10858
49924
14942
28295
17374
25515
16164
22048
16455
11219
17884
23114
40131
19679
34703
16066
24274
19609
40618
32313
11824
11687
16412
17595
47036
15652
10551
28944
48725
42411
11129
34114
38917
20212
26457
10746
22963
24814
38137
18358
39824
19417
36642
24101
40888
41888
35967
22245
10154
35913
36974
49571
10805
32613
44142
35692
43984
10645
48406
19286
10051
30164
19398
27095
33553
43918
22759
13266
27529
25969
25127
40776
47558
45573
14358
38529
13183
26591
15438
43374
11027
30786
22061
24556
29641
44303
40708
46705
20106
30877
34530
34238
32203
24325
37383
16041
17856
20345
35650
15438
21079
26791
32250
22769
37483
43551
21942
13714
26933
35345
20169
35569
29784
33162
35318
12285
24238
16054
24712
12292
10388
14024
12405
28136
24130
19688
14772
45175
41975
31200
43849
35537
17121
12767
46240
46735
21860
27159
22916
22240
17454
23878
47485
30179
16584
32528
28585
19604
15989
30845
27142
24604
25634
48998
20538
23437
19379
41775
37736
39719
47919
46417
13943
46108
47288
48678
49780
38342
45097
36684
34221
34861
12122
12579
29732
19705
43066
46874
26761
37422
47138
38959
23721
13500
33763
48315
43137
20238
20710
34862
33619
22814
39625
38702
33421
18681
22979
24388
33174
10233
15970
20389
16489
15256
21528
46088
47415
32958
15032
35986
15181
29215
35253
13177
19556
18299
14356
38928
42873
18455
46135
36067
35732
17822
43100
35447
22973
14614
48366
49399
18248
12171
25339
13979
22107
31074
33228
18425
21735
38331
16937
39353
33929
15650
40106
48384
30205
23181
13239
26873
18477
19109
15518
25255
25816
36984
49788
41901
46724
16288
12933
10115
29724
25517
32243
20021
34106
20779
42850
26801
23544
28461
26832
36511
39224
23015
37794
13068
38202
43072
46686
20565
30634
39084
27816
41195
36065
14650
44774
38323
25098
45052
49540
23312
24731
48529
41420
17217
46881
20264
10037
19346
19064
39398
19113
10657
14790
47477
26289
25645
10019
48588
42258
45687
31426
21206
37456
10592
18355
32639
27273
16842
22030
34212
30681
28992
40619
36989
31191
48900
12268
25957
19198
20918
22967
32451
32810
12353
38429
47598
11450
42585
19498
24845
27312
33914
36012
41235
34092
48957
45059
46924
46163
25577
45487
19644
33045
42976
23340
36655
26635
24668
23992
36250
39312
29120
24616
42349
45762
30903
44860
20948
30009
33453
34344
49875
46720
10473
29388
35075
49598
32455
17898
45260
38363
38814
44572
44853
48149
19035
48567
38259
20688
16946
29171
33585
32887
27385
38084
10512
13956
12516
10777
40234
31315
43006
23490
40591
10420
13446
28957
46532
23046
13255
13689
48305
37598
39240
49948
34354
40536
48176
33317
23440
47947
10269
24373
26063
28588
28012
34596
25424
12467
19998
32651
17801
40876
26687
24706
37633
45616
47446
31557
42302
40053
39190
36111
28757
34922
34539
31896
14255
46851
27493
36158
48324
35501
17721
22280
16614
17756
44310
49458
46108
13730
26559
11077
27210
11503
34976
32672
44731
40841
43637
43963
39550
37748
31536
32109
16248
10039
25484
46689
35010
11325
25858
36436
40129
11722
30971
44077
41192
48610
17634
31971
38294
14021
45571
49630
23141
13712
13825
49715
29698
45908
15420
25446
41989
35633
30957
42016
48754
21188
30093
21442
42718
13965
48755
14281
32072
47673
22405
42495
43396
15723
30947
47340
48375
41458
39653
18765
33221
16171
40680
10594
24484
16419
10672
19150
43255
38549
23019
33534
37404
26360
43667
28120
43571
19962
20567
32326
17005
49439
26468
31443
42562
37998
39784
27322
32713
36411
22670
45474
12203
38892
18672
24335
46193
24363
20356
49312
45046
37869
32195
12347
10037
19034
38688
20704
39532
35467
16982
16078
34328
32343
44642
16103
13375
43389
33485
17952
30887
40868
11428
14295
43508
34623
34502
49472
30332
28108
29041
36928
40993
34546
34693
43802
20827
25408
26516
20202
15454
14085
10234
18137
48556
16794
37149
26865
29190
24800
39577
21870
37619
32821
48793
17103
33005
11519
33073
23097
27087
43860
44250
40969
40026
14761
46885
38638
34802
48984
42027
21275
10308
10346
46814
31176
19189
17806
32709
49305
44915
13751
45689
26223
17196
23089
11058
23181
23397
16901
16038
28669
14683
33353
15151
20175
42212
49935
16226
34628
21736
24961
20491
37147
15648
12110
36006
15838
36617
17525
30765
27163
29467
11051
22294
47633
28753
12909
15126
45184
13374
45000
26298
16011
39239
45615
48285
23145
16736
32383
10954
41856
49102
26149
37594
48449
37471
39576
37663
31624
23399
30310
45890
25653
41527
22249
23090
24166
34982
11211
17142
31250
29565
15777
23472
46478
25885
42250
32420
26137
26752
24311
19895
43405
11273
24632
10445
32122
29940
20169
26256
43003
44227
21527
23127
11736
14497
18167
25071
14102
43464
25329
18813
28901
28116
35095
11351
28071
32172
49791
25727
20623
13004
39660
31945
22738
42835
12234
25884
21081
11148
22469
16558
34731
43327
15151
20971
20516
25336
30877
46985
39721
13637
38096
11851
46494
10320
42672
47688
14693
16580
43721
33585
49714
10611
30522
28085
41258
45214
45463
36906
39273
32261
22951
33475
48809
18805
13509
28607
33728
36854
24517
47636
26855
30145
24721
17068
29954
16883
43496
37135
30012
32073
26711
37671
33087
39422
29163
37607
30863
27135
40700
14862
18901
36592
26020
23292
26327
26463
12841
15584
20513
40450
28423
39677
14761
33695
21338
19886
33927
40417
25395
24384
13122
16696
22583
35176
25494
13959
43590
49526
16309
26659
35320
30648
18110
45661
38516
18713
22017
47524
23120
22544
49503
43006
42088
22949
40016
22439
15210
47634
15853
28649
32203
29375
27104
13114
32664
47763
27219
17579
34387
47584
10517
34126
25333
11517
31025
24958
12110
27593
32611
11734
35755
17159
37454
24648
34746
19373
12989
23781
30027
34535
36995
27434
30787
29307
23618
20908
15681
49683
23461
42617
11200
38818
24921
45007
14372
22833
28183
23028
12371
16535
33813
18673
44437
35148
19841
11770
17057
17350
10268
17568
46688
43321
24005
16620
46304
46070
40439
16324
30950
11073
12510
15135
27517
19364
38134
16818
16758
48852
14671
44880
47908
39787
19739
32498
48792
29157
15205
12256
39667
19540
33807
40277
44738
20908
36153
39149
18169
23443
34431
49972
34353
48150
13290
26264
30427
25191
15386
42523
31830
36831
20271
25600
12887
10791
20546
28550
19195
36407
21617
22979
24838
49117
30355
38016
18000
11425
21106
20179
32372
16085
14466
25585
22261
23515
21245
30926
39831
35001
29884
24707
45682
10698
48473
18017
42255
43160
21412
34894
43068
27656
32423
49511
39017
14993
23224
17682
25440
33458
28464
37713
10680
23244
10601
39350
49993
19242
40825
18963
20313
16452
47132
48523
28050
17014
29277
13236
48636
42720
32536
23599
20497
41174
26461
19632
27479
45804
35799
31039
43919
28786
41564
33865
34338
47675
10610
11551
32963
26909
34291
18022
41191
45212
42766
23150
13261
45988
30991
45998
24674
23441
33068
18629
46595
37137
39969