2
2
47.04
30
38920
2503.68
28.96
163.04
28.96
1916.16
8874.24
274944
29632
1179904
392.96
412.96
1607312
471.04
476.96
515960
2832368
902688
212224
93073.92
164320
149824
140768
16039.2
32
32.96
12860
9706
7300
490
1223.04
466
918400
389416.96
17472
233717.76
94
2737920
92.96
12
160.96
194
431648
415104
1029184
1030592
1030688
0.96
98
120
97200
89226.24
108.96
108
108.96
4992
108.96
108.96
58850.4
108.96
427.04
113624.32
670
904.96
1367.04
2388.96
1536
2479.04
4466
4804
9360
24503.04
51392
23704.32
47000.32
104320
16.96
28.96
27.2
2083.2
11572.8
291.04
49696
568832
967800
104.96
305.92
67872
840
35.04
46
870.08
2
113.92
0.96
10865.6
0.96
0.96
516
0.96
8.96
5.12
5.12
4
344.96
8.96
175.04
5.12
5.12
5.12
65094.4
6
13847.04
11943.2
13743.36
2392.96
2392
3441.92
2.88
3303.04
18449.92
430208
2
0.96
1031328
93948
1735552
3072
3052.16
3048.96
20206.08
1166336
6248.96
6238.08
6226.88
6226.88
6233.92
6227.84
6229.12
6238.08
2714880
909824
1028896
305320
5838720
2945088
2998720
3637184
2804800
6256.96
6243.84
6233.92
6232.96
6233.92
6237.12
1027616
1028640
1028768
1027392
1028672
6240
1028032
6238.08
1936384
1364992
17052.16
3800
3975.68
3988.48
4024
3881.6
4249.6
478.72
3546368
647600
4951.04
474048
3433.92
8057.6
10531.84
13632
1196
200017.92
2.24
26168.4
4072960
483.84
5268
657560
1178856
2991744
477632
1020992
250
1938
6
10
1972.8
7.04
2
31.04
2328
5832064
2940736
34
2812224
696
3000512
3636864
112
24
5064
1927744
4594
4911104
3568
2448
3443040
465720
55.04
8.96
11.2
1029600
1375488
1810176
11077.12
11.2
2
0.96
1028160
1027680
1029344
1029056
1029792
636608
52960
0.96
4
2
56.96
0.96
58
56.96
60.96
2
60
2
2963904
2
2
1029920
1030496
1029600
1031200
1031520
1031328
54440
2
5839360
24.96
2
2971776
27.04
2
191.04
24.96
2
37782
2
120.8
2
2
24.96
8
2
26
34
2
24.96
32.96
572.96
2
2
24.96
2
2.24
2.24
24.96
20
2
24.96
2
24.96
2
3.04
100.8
3.04
2693.6
27.04
3.04
24
27.04
507.2
3111.2
143560
3.04
3.04
3.04
4
48493.6
3004416
3638848
3.04
283264
3652544
4
4
11.04
3152.8
3.04
591.04
312.96
819.04
8.96
7415.2
3.04
132
55186.4
3.04
2
3200.8
163520
2
2
2
2
2
2
2
24.8
143600
2
2
2
2
2
2
515200
2
516136
2
2
2
2
2
2
618.24
2
547200
2
3.04
3.04
4
3.04
2545920
2396.96
2
3.04
2
3.04
3.04
3.04
3.04
3.04
3.04
1441.28
4.96
3.04
1378.56
4
706.56
3.04
3.04
2277.12
1386.24
3480
1451.52
1258.24
1822.72
1991.68
1566.72
1731.84
1834.24
1643.52
1679.36
2548480
1046528
347.04
36464.64
13712
259394.56
389.12
108
110
2
2
3.04
3.04
4
3.04
4
3.04
3.04
3.04
4
51.04
3.04
3.04
3.04
3.04
3.04
19.04
79.04
6
4
4
4
4
4.96
4.96
4.96
10.24
2710016
408
4.96
3.04
412
5864192
3.04
2944448
2836800
3.04
3.04
3.04
3.04
4.96
3.04
4
3148.96
4
4
4
4
188.96
4
4
4
4
2792960
4
4
4
2
4
138312
2
4
3.04
4
3.04
4
3210240
143520
4126848
149484
32.96
53.76
1730
25188.96
551040
2364
1798
79270.4
555822.08
4
4
195840
1766
16.96
192
512272
511152
4
1739.04
4
4
4
6.08
471904
135.04
3.84
2081.92
768896
1775.04
337.92
2117.12
363680
8.96
3.84
0.96
189952
123.04
350
32.96
763.04
32.96
32.96
903.04
50
543.04
2
35.04
925200
40
55.04
1739.04
140
188.96
0.96
383104
0.96
0.96
0.96
0.96
0.96
2
2284
4.96
2
2
2
4.96
8
938.88
480.96
190
372.96
0.96
51.04
473.92
1872000
2071360
50
2
239.04
239.04
2069824
80
15.04
2069056
248.96
2
8
552432
943.04
8
72
100.96
2
36
106
8
0.96
0.96
36
27380.48
13836.8
460.96
36604.8
10.08
91712
0.96
4.96
8
36
8.96
8.96
3.04
2332
4
7.04
121.6
6919.04
12.96
11.04
101536
38.4
6
4
4.96
4
4
36
4
4
4
11.04
12
38
12
18
19.04
3.04
5325824
20
4
2822.08
18
2
2
2
16.96
18
5940.96
19.04
0.96
4156.96
2
0.96
0.96
20.96
395.04
4037.12
4.48
4.48
4.48
4.48
4.48
4.48
28072.96
0.96
7334.08
19.84
19.84
0.96
3.04
1.92
549056
0.96
64672
1.92
0.96
1441984
3.04
0.96
3.04
0.96
0.96
3.04
4
0.96
0.96
3.04
1.92
4
163.04
3.04
3.04
3.04
4.96
1821.6
1.92
164
3.04
3.04
4580
359280
131.04
3.04
3.04
0.96
37.76
57585.28
3.04
50
8.96
36
24
3267600
3.04
24
24
24
28
3.04
10
315.04
10700.16
482160
1009.92
476.96
803.04
891.04
1164.96
1550.08
1665.28
316
14361.6
11046.08
50755.2
112768
316
0.96
9464
160
315.04
3315.04
3.04
10
4192.96
101040
10
10133.76
188
515112
24529.28
3190.08
10439.04
250000
439.04
344.96
256.96
63.04
132
435816
196.96
10
616.96
20.96
22
22
10
23.04
23.04
22
23.04
22
7655.2
36
620
547200
24
24
10
6557.6
316
1022752
1025280
241824
316
7839.04
28
29.44
24
327.68
70784
24
28
10
24
28
13160.96
120
10
6859.04
2312.96
10
3104
135744
10
12897.92
223.04
4602880
4416
0.96
11220.96
13552.96
15617.92
18920.96
25433.6
229824
11.04
0.96
316
3484
627.04
112
14190.08
4
50400
53349.76
58329.6
72698.88
28225.28
112
627.04
135.04
2344
316
2163.2
212.96
100
188
62
31.04
3470
3924.96
2
6640
51.04
458880
228480
113440
572736
455936
38.88
11840.8
2240
5362
4.48
242240
28
23.04
227.2
5908
1.12
2.24
2.8
227840
102
54
64.96
42
35.04
36.96
42
42
42
44
474112
577600
2
1023712
56
834805.76
24426.88
387360
2180
23904
939136
5935.2
4431.2
114944
2588.8
3894
2186.8
102560
88896
5837.2
743360
5940
442560
6869.76
12794.88
89216
379600
124224
118560
601360
1439.04
1291.04
478016
61765.76
52.96
402
2
63720.96
926784
3256800
256256
75200
16.96
177807.36
98762.24
28
76992
28
64640
2
24.96
38.88
6597.12
14.08
207.04
1027680
1028768
206
2071040
1781376
1577472
0.96
379120
0.96
7628.8
29.44
3.04
3.04
2782976
20401.92
107600
0.96
109960
12184
107360
107920
14056
3.04
23488
38272
573312
58176
71744
148480
15.04
457472
917824
0.96
250
15.04
914688
0.96
0.96
4031.04
2188
15.04
9504
582000
247.04
224
9457.92
234
1064
2
2
2186
3.04
3.04
359360
5.12
18.4
149760
210
521.92
620
7352
7972
4662.08
2
9521.92
9516.96
9504.96
108080
108000
0.96
1025056
514680
3673.92
470144
3864
265664
3872.96
52.96
1656.96
19.04
3.04
86272
3.04
295760
5316096
3.04
1644
16770.56
278320
24.96
44.96
6
46
7.04
52
3.04
26730.88
3.04
2318.4
105088
2538496
3682560
86336
2234
208768
484160
103584
2064672
1030912
241760
241040
0.96
93632
318
22965.76
2838784
3.04
47436.16
2448480
2191.04
12999.04
3885056
68
70208
16
120
22
20
108240
204.96
3760
6807.04
896.96
128
583680
132
90
120
147.2
84.8
1648
198.4
211520
60
120
2428.8
213966.72
60
3.04
119.04
162.88
59.04
152.96
128760
60
248960
64
356
343.04
31.04
41.92
1439.04
12
69952
43.04
896.96
32
0.96
3.04
75.04
54
198800
4126368
2041.92
54
2096
10792
513432
1316.96
216.96
515056
212.96
62
2630016
1.92
316.96
1296.72
62
56.96
3.04
3.04
3.04
56.96
0.96
67.04
22.08
0.96
3.04
3.04
8.96
224.8
8.96
8.96
219306
10
12.96
180
367.04
452
180
202800
17.6
24
102.08
1.92
12
6.08
1323.36
1.92
3.84
70208
367104
128000
0.96
515112
1367.2
16.96
16.96
20.96
23.04
16.96
28
16.96
16.96
27567.2
2208.96
19.2
4.96
104.96
14.72
8
1866
16
12
16
2352
2214
12
16
20
14.72
669.44
8
20
7.68
46864
14.72
83.04
19.36
8
117680
8
4053504
3.04
9692.96
16304
0.96
188
24
854.08
8
2679040
705.92
581.12
848
41540
279.04
683.52
3.04
2
3.04
4.96
316
3768.96
14.72
123328
2
3.04
543.04
167168
275.04
280
2
275.04
326
291.04
296
280.96
302
294
338
275.04
298
295.04
340.96
18
279.04
290
295.04
1349.12
326
275.04
26938.88
296.96
294
343.04
65797.12
280
304
294
340.96
274
288
292.96
18
10.24
326
280.96
4117248
296
296
16.96
167191.04
276
338
299.04
295.04
116.96
280
342
290
294
296.96
326
294
299.04
338
294
288.96
340.96
295.04
296
326
294
24074.4
299.04
338
294
340.96
3.04
40.96
16.96
16.96
1016.96
160
3.04
42
16.96
16.96
1015.04
161.92
44172
6.08
1.76
6.08
2552064
1.76
6.08
5.12
5.12
2.4
2.4
2.4
2.4
2.4
2.4
2.4
2.4
4
6.24
2.4
4
9.6
3223424
504240
350
513736
258
2414.08
296
102496
362
2818
515976
296.96
296
514688
292.96
294
1136.96
344
3.04
9.92
9624
576
614.4
2
2
348.96
11.04
119.04
0.96
139.04
0.96
4.96
0.96
588
4
294
114
2092.96
292.96
2
0.96
292
1030400
292
291.04
292.96
650
648.96
707840
2243840
34.56
68797.44
20452
637696
695.04
2494.08
109.12
3555.84
12.16
8
8
8
8
8
8
8
8
8
1943.04
9.92
9.92
628.8
113666.56
74
691.04
620032
2106
278
52
19.04
292.96
211.04
152.96
124
60.96
108
52
18
168.96
296
3131.04
4447.04
1.92
686
296
3704
3459.04
5214.08
7721.92
43720
1407.04
2034
1327.04
1423.04
2
2
1300.96
1354
2031.04
1324.96
1424
2
2
1292.96
1355.04
2031.04
1326
1423.04
2
0.96
76487.68
1862656
104.96
401.92
32
378.24
67488
15.04
16
3.04
12.88
97328
60.96
210
123.04
170
52
152.96
107.04
18
292.96
295.04
0.96
6.08
1.92
1.92
15089.6
1.92
1.92
1.92
1.92
8.96
9.92
11.04
3.04
1040
13.12
14
1365248
14.88
8700.16
71.04
84.96
507.04
14.88
34695.84
19.84
3.04
8.96
8.96
995.04
2
2
2
0.96
2
2
3.04