23417
14991
24064
22516
46939
39183
28131
19415
39787
45048
38321
23989
39660
29501
23252
43641
48752
10026
47186
15379
23756
17759
23901
26014
33570
25119
14275
19442
34568
31794
28395
41320
49543
36309
13345
45117
24801
17557
38608
26964
38700
41033
32285
35571
46429
32067
12054
14829
23408
28147
14743
44882
41888
33150
42728
33015
43203
37145
49450
46851
36459
33319
33913
10685
30196
10626
38019
26140
33130
31436
25294
19222
10269
16577
44075
19637
48207
29166
10540
40202
18725
25589
44332
32477
23643
38992
21511
43726
14013
44443
11141
14982
47702
38223
23219
41910
10979
27597
21267
23130
14852
34531
25634
38900
29632
18312
37720
45497
45714
14362
23543
28513
10544
31548
15240
36414
41378
11264
45268
28178
36677
28944
33306
28374
31046
18824
42596
27963
30604
42334
29973
26924
26196
32377
48778
21196
19673
11144
30964
14194
34613
12964
45635
37932
10170
41264
48835
42472
27013
34867
32475
29326
13587
18546
22897
49049
22096
10814
36531
31742
35584
17685
42701
21268
30696
15788
35502
24808
35879
19743
22396
11196
37398
15912
29293
34180
46042
25352
24394
34109
26241
22436
34595
39407
10118
33754
40192
18084
21266
17429
33384
41988
49070
43936
38709
45321
42759
12894
32683
37795
28751
19621
18597
26249
36633
18196
20092
34524
15623
31098
38840
20795
14277
34624
16340
24528
21817
46554
42765
34468
44099
26973
33570
20693
35653
39226
26523
40828
40937
22552
24831
41447
23817
12090
32205
33788
11693
45733
30715
14015
43865
20494
19126
29559
23464
23618
30852
35194
43599
10982
16833
15460
13762
29431
39736
21133
28719
13055
31656
18435
38698
43432
47451
11328
10605
25305
20987
24627
16625
44034
45850
14956
36276
25953
37310
42367
17069
46984
30889
21111
27246
18040
49361
35013
44047
17603
24940
30847
46651
18393
40027
47902
30230
26746
38826
44531
19391
33479
40037
46158
39983
36502
38774
41661
45582
38946
20514
49681
44437
31460
47815
26964
25883
35053
27585
20677
39479
23083
28406
25197
43285
12566
36822
30807
34252
18199
11753
41684
32166
14992
45852
39888
19806
32882
48553
47643
41191
29384
21728
45556
40987
26848
37887
35119
14818
10931
43638
33655
19817
40666
16649
23878
22877
29172
25718
37531
40513
47487
18847
32726
15100
49963
38878
31466
18156
34799
33433
27484
26360
12189
45593
49140
10047
43350
34951
48012
37306
33713
10123
41383
41700
18898
28775
44058
18788
42707
22697
42024
31687
11155
21208
17310
45411
41513
30401
47468
42853
44835
12330
49887
25781
13702
19611
14685
14140
23786
38776
36167
30670
44814
30375
14935
29226
35520
32281
12522
34672
22814
10531
17918
17049
10556
11107
24552
44374
10521
38340
42292
11332
42014
20029
19084
23743
42332
48771
47387
49450
38968
44377
20595
43316
27210
25759
31026
35598
27265
48294
10912
47739
27902
29143
13652
36843
41065
41919
47221
27704
37432
20948
35067
33068
22405
25897
24862
10322
41543
16211
33795
46819
44336
19727
45824
35046
35341
22553
13403
43161
27802
25111
41022
11261
29209
43448
32693
11812
11110
11874
44416
48494
46207
47871
24238
28896
26237
48742
31474
24278
36734
45241
28100
21348
21188
29323
35321
46084
16162
26002
17214
28464
15806
24608
39130
40496
30765
43967
41248
17257
27449
35950
26093
46958
32960
29699
48877
20295
39588
21200
34217
15225
22662
31506
43449
33303
11286
33533
34613
16810
21168
44749
37613
27904
42301
44446
36193
42198
29601
12947
19346
36018
33860
17994
35910
33548
17626
21322
42205
42911
17829
25293
45514
17677
26728
46117
19742
41704
40856
34884
38072
38011
27321
45957
32864
46428
37579
10415
35930
26416
36862
23996
30935
14080
17755
29669
16273
39821
24930
18212
33454
35294
17187
29386
24833
39077
34742
25542
35338
47490
20807
19581
21567
33377
47341
18988
34012
16082
41286
22867
14801
35614
12379
47000
13492
38434
18111
45808
17060
30896
41746
11196
23683
11114
44646
49447
18206
19192
49858
25485
49969
29131
18754
49024
36648
42897
11672
12671
43902
26598
14456
38697
22947
10461
38066
15103
38553
31454
21961
49983
21064
18740
37694
32358
41681
38539
21122
17422
26356
35824
20996
36241
10410
46738
37866
42869
42874
17571
22320
30284
17240
16263
30695
40678
25703
24089
33307
47473
29194
15820
42010
24346
43052
44413
28462
22634
29969
47978
36868
30826
30099
14479
24473
45006
23885
10517
44587
36478
34760
27935
42196
16366
26207
17571
11973
19859
41998
49522
18554
18507
44569
32226
41091
31354
46813
46941
24862
29496
15098
12821
24815
45898
28234
46544
34269
32632
24724
47075
20068
47051
11796
21867
23527
24123
29606
40317
41496
18411
11207
27210
47872
35472
42005
29868
31102
32202
41923
29034
40005
28164
14460
46195
37978
35424
26029
11565
42375
33108
30255
31844
14875
18713
40705
14105
38057
30821
24666
32095
30118
36964
20380
39610
48430
19396
17479
16410
15270
10251
15549
48795
39710
49778
26875
28006
11428
41290
47627
26526
18653
32413
22607
10665
29035
33634
24237
22968
29633
23355
11281
20454
36997
22463
28193
23754
38361
36902
23052
13299
10917
27225
26635
14721
42022
29252
26713
15655
23653
22889
26683
29933
36037
23612
28482
24599
26097
36426
22493
32579
24914
14542
32866
17360
22237
22929
16948
14103
31661
15760
45365
28866
32274
36026
32484
39993
15618
16080
14304
41428
29504
47028
17488
14359
21134
42311
40135
27720
39920
31163
21696
26898
17372
17167
28211
49155
37286
46991
12886
22641
47278
25430
35096
17420
10717
12477
46854
42680
47638
39225
22274
19048
49045
33011
35586
36209
33113
37547
10467
28758
18154
14447
28977
17018
48613
25397
46898
23334
31643
17023
36354
16107
48932
47801
33940
45262
15058
43149
35181
36684
18205
18863
33094
31519
45161
44814
13880
14265
34484
45792
47943
22194
41569
15215
34208
44164
43353
20086
37292
18800
16102
25719
11692
28135
18205
10066
11470
15697
25848
44352
18559
49279
26515
15364
30994
43584
19887
34494
34315
42480
13412
31225
29507
37913
31329
39865
48912
19617
48383
49622
41219
18100
20660
32679
32133
19250
33025
44943
15918
27631
23297
41880
27110
23217
47116
43116
32894
41759
48496
29921
39279
26938
36369
39571
47399
40845
38147
35730
17415
48756
46256
48227
38374
35375
21294
30407
38743
30859
20007
48910
16112
34087
37170
20331
17056
36460
13077
33377
32009
20531
23830
40094
18244
42957
27904
35252
28725
40916
19234
13983
17373
40780
38856
10850
30014
11128
26552
21959
28423
47645
19380
21188
35622
11162
31893
38588
20114
27544
34108
29840
35571
42790
16632
17746
11820
15483
11885
25553
35503
13709
34737
48867
24917
27584
36869
16618
29964
22834
21088
21916
26431
29896
32151
34646
27123
14595
33254
23197
10129
10500
23178
27437
22529
49273
25974
34851
26524
41772
15852
45270
28552
18153
48934
14383
13558
23314
31349
29355
37087
16122
40150
19199
31020
33093
22655
44641
48783
12052
10199
41074
17073
20869
16906
32282
25037
40406
29709
18634
43432
32967
37145
31995
23222
22867
46670
41535
14315
17585
46277
15251
45926
17195
30883
38006
25271
40366
28460
14531
43792
17180
18905
41535
22004
21029
34635
24326
32251
39683
13476
12894
10942
20737
34392
40562
45721
47602
21475
25408
38626
27484
16601
10891
48159
31370
48664
12039
17633
25393
47505
13202
19169
22539
40828
37157
12587
38965
10472
30849
13254
44863
24878
28812
13479
18690
33817
11851
18926
44416
21240
41848
34833
19666
10114
18337
45832
13219
17011
42909
26972
20463
41537
10242
12067
46869
32887
46305
48775
49081
34645
29010
40341
46328
16245
29445
34965
42494
10107
18500
28970
43614
14230
44873
26985
18747
24877
17054
33693
39977
16931
10173
33175
39976
19153
41070
20468
47760
27717
19650
32211
39049
47086
31459
16464
41897
30151
34398
33976
27933
10041
37642
27269
28786
20342
42180
22856
31671
37260
26807
48301
44036
35519
35413
42521
41919
11031
23341
30906
22192
46639
11720
39266
11575
14990
35864
18116
29854
11082
28499
43932
40181
46401
39795
26382
41649
17962
32118
24945
35649
20659
47498
39878
43975
33182
47619
14690
27002
18292
21994
17746
45612
45827
15151
40431
40039
25986
47069
37424
41578
15856
25039
44892
29520
38376
30644
21450
18568
23895
23744
17172
31981
27795
20036
42329
22201
14382
29627
46243
38875
46830
37608
48283
35825
20807
31954
31884
48402
31066
43862
44602
30413
11093
46106
46886
26015
44000
41980
14256
36963
43937
44911
31417
18251
37481
14243
36572
34827
21891
17319
10225
32300
47398
47732
36804
22785
25540
28059
12920
35645
37783
48122
18639
35896
23398
28028
28400
39574
32869
25809
23905
22285
23834
19107
26500
38203
31493
11476
27594
38819
22141
42963
35793
41567
46821
32981
44455
13940
20491
41717
18671
42323
48431
16783
31296
40526
32873
27028
32778
32639
26729
35354
44924
15143
35711
25060
17830
40697
44601
38260
27739
19672
19319
15536
11222
46757
45061
40998
47390
34614
20834
17164
11203
15993
13847
11351
22974
44222
43822
21123
38280
35845
44141
33736
42374
43790
22126
37612
43245
20300
35269
23261
26105
15761
36896
14906
47247
13364
26490
37247
43524
10295
42942
33535
39524
23191
25975
14561
26028
49784
43812
30998
10456
11097
16518
43672
47171
16839
48707
16781
17493
26408
13829
42368
44529
27577
13235
34230
21236
21272
16694
18836
42436
13382
44012
34574
31426
40023
31063
36659
41624
32430
19162
30040
47687
46051
39976
43247
14853
36940
18305
37896
37154
41130
18085
30048
41922
35921
31744
40334
39559
15429
32785
21440
45962
18013
22036
32950
38966
45362
46812
23781
27149
45131
40802
32280
46459
38345
35536
49536
26302
14393
27453
41185
18153
19987
20960
38936
21086
10739
29352
36234
44331
26768
42552
16977
27274
21335
27860
10396
26043
48226
25944
26742
25666
21934
23496
13817
20726
18302
20430
31657
37632
40998
39824
13573
16658
46740
21832
29268
24239
47242
37396
41426
47788
26802
44776
29585
31052
32083
44832
33702
34651
41590
27583
19214
41849
49911
26038
22781
21918
14045
16506
13268
10699
45839
35945
11250
30610
39569
40196
45988
23239
18989
44536
30250
45351
43553
30673
44134
10082
36062
35628
36099
47029
15947
20861
43837
26937
36705
12822
48943
31344
49334
40632
14659
40501
14949
29045
36162
16382
29330
29114
38481
40427
46801
38174
16757
31855
35007
42145
10464
14624
40593
17908
28434
28753
34847
43777
38109
21032
35073
32778
21964
38159
42611
30526
12906
16272
10131
13436
35507
46954
29537
30577
22828
44256
33172
13071
33219
29604
21602
21551
38100
10546
31261
41915
25099
47211
14278
16507
33336
47085
36092
14770
30312
34836
47455
17494
29630
25869
42495
30345
10105
40490
15804
21653
35185
27823
36016
48456
25344
26963
31349
20229
33996
45993
35269
39098
19274
25744
29555
42230
22305
19636
22505
15961
27431
20195
18874
45168
21040
19729
49417
43397
40029
16022
35319
45509
28163
32975
44704
41198
41922
46801
30154
19672
43274
18765
19336
46133
25881
41567
35696
10584
19474
17212
31364
20559
29980
26285
21850
15334
42403
15928
29428
24566
38632
27428
20467
24008
37160
35630
35299
21337
14172
28359
36395
37935
18945
44501
44516
41708
41063
30467
47358
27188
33786
12639
45853
28925
43965
46598
37110
33586
15337
34353
15349
12568
18669
18721
40367
47770
36664
10801
44101
31386
27140
16987
10152
30412
34152
48387
26453
38039
25246
19266
32274
20392
29825
27039
14870
39962
23278
37517
49605
45770
27290
18505
29899
12455
42093
48937
46672
44128
45324
24830
41880
19457
21225
35473
23276
14961
10879
31083
41814
35565
29629
39144
30374
27802
16192
12278
20561
39993
41441
30756
25752
16582
12171
31202
33229
42057
31867
37281
48741
10461
10011
26183
17872
42632
28973
32124
48220
12468
39062
42248
28951
12832
48086
21367
40013
17888
27945
30280
47151
35655
26351
18961
13283
10371
18252
25095
45642
32344
34569
19116
24089
10117
13485
43286
40604
30678
44468
34028
35301
33698
40377
39530
16389
43398
18003
12062
39852
28811
14963
45694
30773
48426
34704
44087
17974
37754
14327
27550
16541
12008
15608
49793
22280
38604
37942
19384
32090
13267
49893
19973
42660
29401
29852
13473
39881
21944
13951
48867
33090
46810
13966
49056
39864
41801
27817
17949
46148
28824
40653
36002
35932
32470
43588
48752
20245
37488
24667
10646
18624
23751
28832
22932
45146
48924
11311
48018
15266
23758
24456
46491
29683
24830
23221
46442
32942
34402
42889
41379
49438
29320
13402
39184
24560
30925
31444
41379
18014
12215
29819
19503
40849
28799
34663
12431
20760
21776
40963
39298
14915
18315
13214
41192
24390
20235
29051
43640
28101
38093
41274
34386
23372
39308
16909
43939
27872
47758
14745
21936
19923
49665
20858
30579
12887
10544
36370
24695
49388
48995
10448
45565
17754
23511
49789
13521
31559
27001
49812
15867
47548
43071
32450
27886
15689
34960
43773
45925
15542
14285
32901
34263
28782
21098
42537
29124
20072
28358
22186
27930
24272
27547
15908
42858
48646
40521
34669
15567
23518
11031
36348
38459
21157
47024
19508
27538
12669
18892
26050
46736
12639
11179
34390
34346
37633
33239
37028
17348
35677
35836
10957
27092
49648
48426
44261
40291
30465
37372
34030
49984
16388
30546
45659
49300
16207
33739
42469
45752
22060
19484
36480
49658
26899
37199
30011
13737
24208
46328
38170
38349
36775
46556
42671
33355
24539
36183
20301
11864
33978
31007
19931
49991
41087
13540
10178
42835
10238
17471
31726
15826
45531
47775
33919
13789
44064
34592
40559
27305
46479
33897
44520
17930
28946
13847
19809
18476
48259
20132
48385
13925
26129
16147
16181
36470
24918
39290
20336
13916
13170
39650
30305
40591
14412
14613
31599
26347
45633
12303
13778
13006
38122
32513
33704
34730
27921
45741
45897
42998
46245
17626
32131
21946
44451
48571
32708
48548
22209
19099
18197
20257
37149
43655
16912
33894
43302
47875
43139
32630
27253
26971
18701
37194
46731
34667
36524
21202
32989
19758
21707
27080
10594
15721
39145
24571
37848
36668
18901
39347
41687
48017
34306
45678
43126
30485
11452
19742
35478
46724
48345
36137
31245
44221
49868
11251
39084
48825
30386
12567
34931
30337
18984
40361
35487
34172
39553
11834
12622
35815
47597
20214
49112
12211
22483
14933
26380
11230
34159
11239
26702
21567
17683
46010
41402
18601
21632
45092
22894
27967
30908
44116
19938
28860
31609
26150
49561
11315
23903
27435
14804
49626
18148
20676
38741
11334
26588
14779
26058
21028
20857
32658
31345
38843
25571
46564
48097
21014
37091
48063
34577
18173
22636
10568
25221
25744
22480
22750
20891
39489
20646
25314
19001
32046
21586
22903
48395
26662
21287
31108
49015
40691
44177
34353
24926
42792
28498
43357
20832
37258
43784
48723
13769
39023
29728
43888
11380
28278
27309
18530
42304
37037
13982
45658
48482
33797
12335
18504
34245
14006
40350
13591
49780
11585
25806
13920
18154
31969
15712
49945
37913
35266
31386
40731
31342
43941
17119
40769
20785
35389
18328
34328
40532
12658
41498
44187
16949
28448
41139
24057
11651
35061
42944
12756
39231
13230
43312
41554
14708
19166
23804
22087
37593
24547
41537
26627
29627
34383
19205
29999
45495
24183
40787
44110
27938
46948
12001
23561
16829
40732
39995
10075
27177
48852
22429
15019
44910
22681
28792
19907
46250
36274
25293
49371
13837
43681
32458
43588
23522
36684
45670
30992
39485
12026
41049
21903
42835
41048
21647
19843
24758
33380
30632
27156
42712
25565
14204
48412
20110
19390
15468
22769
39602
42790
47679
29154
27073
25070
32540
34848
39201
27388
38576
18901
16988
40770
48824
24653
43171
44433
45270
49968
10658
24300
11965
25918
42876
43365
49430
37485
40174
47305
48197
41159
45066
45510
27674
22614
32736
20839
16497
35366
39306
18449
37824
26282
32756
12005
28101
36927
16477
22760
49059
26574
48996
43868
19045
22417
20172
28891
48121
44124
21614
24981
28285
44198
40761
43737
21402
41433
32845
20922
44672
10493
17028
23604
41580
22885
24547
18150
33105
29462
35771
32769
36400
41534
28879
44829
22968
18103
48498
41345
15514
38281
28313
45160
43212
49143
49750
18775
26997
29346
18125
41924
41144
28330
26158
16298
10786
45031
19997
33054
16441
26133
29703
40612
23735
47648
46107
19594
26214
32194
36739
49172
22157
37821
41358
40089
17088
43061
13061
21038
45389
20000
32087
22994
16386
13205
13279
44825
40321
14606
37989
27463
46861
26286
14697
38937
37747
40344
21694
34032
16556
49888
12854
32321
20344
41588
11285
44774
19089
15253
11561
41377
11582
42733
14187
49567
48465
49523
47980
24155
46104
38359
45272
42654
20493
33716
34746
33098
34908
15533
18102
42166
25699
17959
12310
29496
18257
25243
36882
38952
31578
11384
17037
20558
21868
21575
23570
19717
18101
40571
41634
20542
26276
18306
15184
16075
27871
33775
33609
31097
32182
37343
36139
34320
10036
23064
43366
42893
36462
41191
47886
44808
11435
19179
22419
10604
14305
20073
28659
41215
46815
32953
43189
26125
23347
17737
23842
13322
47987
40358
45849
20008
37812
27276
29033
49795
25211
39384
45083
12068
16017
30792
22691
41361
18076
37158
44495
14250
10760
32069
23626
34898
14174
13564
46590
36533
46959
28600
40380
21228
17960
13252
31591
25109
42537
31176
24447
24128
41878
40780
36634
39469
41965
45263
13761
11062
41385
35908
13051
39814
41921
21991
34708
42249
22368
36631
15215
38387
23109
27487
14771
25789
22753
11806
43277
10971
29873
46030
27781
37206
23567
37054
30405
44069
10499
39891
14022
47431
26841
43423
29602
46992
19618
15413
43439
48245
40022
13403
27134
32752
34229
37625
49384
11179
40743
16693
16979
12127
13676
33962
12135
41824
41997
30573
41685
29515
18764
12821
24459
47320
28867
23771
46159
19675
43852
31032
38331
20864
22582
46329
32075
37169
31493
22079
38364
16375
48440
41903
43764
23211
15115
16508
45446
30130
17836
10922
18841
23644
29419
42584
21413
25004
29667
19861
13578
17163
40191
37601
10406
32614
27275
18741
41092
16514
29626
46004
31718
39416
26307
24327
17044
44824
20651
40720
47118
12274
13120
44407
28369
16551
29718
20208
22581
30673
49744
40999
21808
38089
42578
37413
46354
18354
22357
40223
47675
29356
14999
35154
13492
25620
20874
34586
21258
23668
16577
40639
15888
39883
32692
14034
31524
31252
30531
45200
43992
13968
44360
42700
19488
16693
11832
48798
41525
13135
18503
42005
40165
37017
27381
13271
19087
39826
14991
49262
34011
33242
44023
43024
21261
36980
34794
42166
44461
37715
41332
26527
24170
28914
21272
13096
28056
34867
26908
10798
17710
29105
40381
10976
10349
38075
48924
12455
16519
46534
17390
11512
11685
40671
13633
47083
19130
14107
46436
32937
34886
49523
33985
19739
40060
48202
13811
28491
16133
39062
25359
36487
28115
34316
46684
38169
29057
31724
28349
37711
33659
27418
46558
22935
37610
46853
25108
34810
24126
40671
28637
26306
20077
12156
24607
29454
46411
33114
41930
13936
28004
49487
37827
46570
23384
11169
23925
45981
49456
31538
22685
24610
22015
34136
14798
40196
29627
18220
23123
40433
48556
15178
17800
22115
46909
21467
29810
27035
32771
39412
35009
43558
41937
41939
34117
27511
38089
36803
40889
39778
13593
38972
22968
45015
39285
11151
12811
31177
12122
11657
41150
27821
35463
31249
46156
38873
21070
22703
10305
45809
42583
41566
16043
14327
42690
20378
13403
10698
26368
20345
34219
46992
13695
16695
11319
45504
27369
34064
13612
16673
42597
34459
37046
18572
22351
39252
12729
28460
23098
16864
46596
42499
31808
13051
25993
24211
26400
43101
42196
12878
16164
10039
27917
10808
25917
24460
33401
15771
14485
40437
38527
35401
14884
15681
19778
10382
33171
28228
28893
34899
10066
17904
37370
29748
27921
39163
29678
10405
32704
47859
35177
20453
24348
13004
41674
16650
17014
30128
44191
47762
36634
28708
20912
36687
16766
15951
16019
48586
37938
20287
45839
32136
24833
22481
29225
33589
33526
47702
17035
28759
45255
31644
12121
13361
48764
14935
14108
25599
36092
43769
26745
13543
47419
10868
27631
23084
15822
20529
42737
31992
20241
10562
36509
21637
41356
37526
48576
18752
39339
25334
14100
32407
15455
13048
46909
14034
26079
39907
30267
46364
13914
28122
26372
16386
30901
18970
27511
44365
12097
46969
36521
32263
34693
27830
11089
37525
12514
31263
25293
31890
24576
23044
19276
20080
11582
12329
44327
46736
46554
33691
40051
22890
36789
20128
48502
24995
18344
10358
14124
12862
20025
43600
24837
35223
46255
34150
17911
16724
30808
49644
20525
27997
14582
20281
34618
48046
25337
38864
19702
37675
26472
31368
14610
46598
25689
31425
25371
35676
20637
46635
11632
48619
13543
31239
27703
48647
28811
16936
20002
41021
14801
16265
36816
49723
20348
12961
10841
42016
23817
18182
22850
35059
33478
17556
17789
26498
37621
47553
43100
17052
43369
14307
44428
38755
48680
12332
41826
19537
13120
10158
25374
27131
43866
20150
45826
44505
10853
18893
12519
18758
22653
28327
11270
42462
45283
19540
49009
14113
42561
25076
36306
16043
40403
24880
11980
49838
20590
49052
21219
24009
43730
14162
40273
47805
39082
41407
45006
42926
41501
49789
48697
24513
11129
42562
22092
42983
16779
11001
30373
35848
32090
19244
48276
27650
13321
35258
19907
35780
45956
17673
39356
49932
41830
37145
44906
35929
45916
10997
28056
19843
45454
45888
28297
14237
43355
22555
38319
18376
36542
40589
19639
48577
47510
32623
12277
30033
34056
46760
48754
10055
43515
32308
26974
32626
26421
38159
22517
41711
37798
18486
29017
18202
41190
36016
34821
37674
44428
36474
24825
16849
28702
17026
42773
36721
44578
49627
28619
27702
16727
15897
48088
12450
43533
34787
26165
37245
22255
13891
39185
31340
44488
30318
17832
25430
43931
46389
42412
28529
17983
33705
35242
21645
44138
30191
33281
39380
18985
36188
26047
31287
32622
14016
40586
23328
13697
11499
41886
47055
19054
37202
25288
43394
29551
31304
48554
40896
45109
45373
48335
29812
48361
21572
21537
35809
26746
47787
25843
33956
24160
28195
30174
38453
42069
28666
41090
34870
17763
13970
34260
22220
29856
11379
33495
45907
14876
46830
40787
21549
49675
47807
42983
36442
33818
45773
21360
25995
17694
10281
38057
14301
27440
35717
11322
39133
29869
33423
43002
40692
13425
20887
16149
17776
12878
28242
32546
32106
20893
30193
31047
27816
45119
42214
23474
35493
24203
21775
38264
21831
17486
18926
47597
22541
38035
39558
39094
16944
35430
14100
12996
11941
27964
18568
13998
12963
32503
43793
10095
30908
27302
10129
47501
37894
48790
10474
36655
33312
25799
26193
35424
28198
44038
38731
22641
13011
38737
39091
26184
26162
30253
44938
47070
23584
18003
40842
18263
45605
13884
49033
12406
14019
32187
38717
37181
37756
23332
19595
29558
43313
39356
15175
13764
49232
16074
19158
44949
14305
29973
33640
22293
33783
27776
29732
14744
17914
41328
37876
38122
29262
40207
30012
42837
30579
17038
19786
21739
44488
42659
35945
32492
42809
24473
42396
41619
23269
24685
43233
33166
39622
39741
22900
46422
24333
20201
18340
22928
41266
13908
35852
29544
15726
37605
25856
21893
17245
33586
15189
38844
31669
43530
40802
15230
27317
46374
14969
26845
35638
18205
38177
26162
45435
24598
12263
28350
37714
34874
47050
18776
42272
34393
11543
12017
32952
42970
40401
18930
47781
30448
29256
11495
27980
29746
27987
35167
48740
25263
41989
15824
39114
28209
16978
20414
16480
35607
40532
25202
12228
39922
23313
15492
20673
35594
17599
25338
28365
37651
40577
22615
30966
11920
16283
25314
29676
17586
10982
24778
29166
17198
20876
40460
34451
35755
14411
30780
44832
33620
24603
29899
27956
21664
37963
10996
19170
24471
44837
39877
27029
11793
30506
34026
10133
47130
12981
46348
44687
32626
44243
19433
40953
34009
28787
48129
30324
17443
11323
49581
40616
16180
45551
20496
33043
34281
33098
17855
19346
37241
22127
41973
47227
20547
43264
30971
27323
43503
41586
15390
46244
37459
19627
42130
23466
17142
29199
20067
17309
15917
35364
36211
16928
40735
10648
40602
31061
47260
12644
21773
30902
41832
43948
17461
41358
14568
22923
21075
35147
37765
44389
32271
39553
18542
13718
28427
13978
12841
14110
22062
16179
39128
15395
48275
29663
17045
30056
24628
31220
27463
13831
36826
29067
43254
43450
36753
18904
45987
48378
23397
23007
24369
16410
26840
36226
21594
37672
39767
14522
31630
46208
15329
13206
35216
37139
40729
38206
21151
25758
33365
49648
21488
20085
30972
35356
13014
10517
38872
32248
39869
19817
39318
42888
46004
28606
24923
32333
43373
28767
24554
11671
45433
37496
31740
45343
44299
17645
10990
39401
28839
21917
10118
11063
30053
47335
21001
37719
35068
29173
11873
42836
13386
26931
31243
12779
14184
13695
35926
47715
19028
42248
26166
35769
23257
37517
17460
30482
40179
13001
28177
10501
17223
38881
13825
38797
16032
10103
10710
31737
41607
11512
42982
39633
49864
38988
29756
15202
21812
47271
25144
17475
11464
21512
31330
26472
12714
13857
22833
39406
11425
32381
25219
18396
46449
24714
31462
29982
25606
35660
18279
49911
24267
10695
37511
34688
10900
34605
20446
31683
20926
24756
13640
39939
16566
49387
47514
20926
17607
33517
36349
26039
29495
26049
44157
45589
12778
45058
31134
40106
16834
36712
29652
46724
15207
16407
13477
14359
32359
35321
38377
40837
18537
49225
37523
34040
11899
45419
25780
24618
41953
49934
24713
24517
27265
43227
39292
20538
43184
20920
29292
11307
45897
13299
12222
49240
12213
29848
31881
23271
26697
25606
47187
36197
42976
18791
49013
44518
37955
43068
43187
31873
33666
28780
49775
28462
12975
23587
46687
28963
40483
27189
13097
11766
32185
29897
14643
13138
21679
21984
16120
20989
48291
10335
14847
49109
21703
11587
19497
11199
43640
26701
14211
40592
39928
33508
16931
36905
31649
43911
40100
22288
35669
37301
39111
10243
26302
25567
18328
20690
41568
42867
22616
41829
31683
41498
33905
10806
49634
43919
29407
29879
28502
37074
19445
49408
10520
40436
32529
37234
33810
41368
37069
26273
24232
43599
34519
18902
34909
16530
34920
12776
39697
36003
42036
29682
12000
27166
31075
39654
29042
30214
10993
33907
19281
12558
49955
13644
44788
22868
37030
26465
10967
14274
36915
26722
30121
18951
39148
10030
42147
33466
12712
18104
18334
14708
28954
42807
33333
37268
15958
24582
35776
16099
17312
37379
22826
14955
48764
16910
22712
40935
17168
20461
45225
23326
42934
10509
42272
10821
12356
11071
27001
27083
17274
23631
44025
36775
35770
33989
10515
10262
46626
17320
29758
38338
12605
36690
12863
44692
35766
38458
40936
22271
42509
26771
38318
44471
14032
30233
47177
11479
38594
38987
13860
45844
19946
12947
45461
46919
37568
44842
10007
27813
11347
35070
20597
16647
17314
49959
26588
24448
32327
18786
44175
27547
45454
15922
35029
17963
41065
25277
39816
48735
21872
17144
38924
14780
38941
47690
26136
34993
48717
13396
15726
23182
19472
19735
39076
34713
16701
19504
29772
32842
49759
37627
10084
12672
38488
24244
11917
43000
49479
26420
24044
12075
37096
19187
24468
18119
17716
25345
16101
23827
47341
37379
23050
34158
46330
28351
17752
36894
36221
48527
23495
46797
29571
36390
30968
16100
26449
33025
37642
25987
30451
30970
38638
14217
42735
31409
10184
14696
25671
21401
36264
31948
21470
35188
43711
19728
11873
20527
14959
39218
19473
35130
43364
21771
36178
16620
18297
26593
26008
10212
26924
20953
33390
33124
26298
40108
48862
47023
25349
32816
14318
26404
34947
37613
13185
12905
19293
17073
29291
49520
33192
26750
39401
43883
34800
40652
49664
34527
16856
27256
16707
47032
17164
44040
29591
14141
42926
24864
46934
24552
13079
21409
23481
19071
39750
30300
31747
44830
22470
28130
36622
21850
35589
11980
29382
40057
25987
44611
40002
31475
12221
18972
46966
34613
33786
24669
24110
29017
38389
10753
37904
12194
27673
38937
14583
14912
16664
46923
45406
37857
35558
42645
42479
23965
31094
17113
22438
22961
32388
20272
37299
48741
38577
44291
27057
39632
34340
16126
25395
12999
20460
43886
27568
25734
11322
42700
11185
23135
26384
43763
14885
13343
44702
42964
49208
36460
18030
23311
42599
15317
14862
26852
42126
20091
24975
44004
44973
30397
26418
23179
15466
23821
16930
24781
11643
49431
40333
37565
38454
27290
43702
47001
46532
46224
49267
14245
16587
13570
17173
47322
29715
41086
13383
22374
26787
40373
34747
33151
47167
48785
41207
10631
26638
30918
21942
44484
36292
46335
38195
13868
26656
27596
18507
12069
33752
17509
30815
22458
42079
29462
26209
10722
11243
11793
23590
42949
48251
14585
31779
28010
37260
36727
35984
33652
49777
13359
40085
11357
46424
30505
38812
41458
38476
41690
11416
39361
14116
40622
11566
41191
47602
14175
28360
39088
29394
10882
27285
31555
47541
37041
14033
33150
29796
19466
47149
38394
25487
23167
11689
13993
31057
19131
17466
29578
27757
31117
49091
35246
47216
19889
47503
49430
28088
23927
17028
48979
15010
37274
40538
23342
45807
32819
35813
45601
13895
11715
17818
39968
22826
38174
26243
45041
33989
49485
31809
40096
24403
42258
14305
38763
30908
26918
30511
15362
32442
30147
18044
30685
46006
35295
35514
43923
31953
41207
23823
20786
29030
23676
12846
26381
49464
32906
43752
11552
21095
20641
44731
38325
48383
16644
43170
29474
38115
38510
29071
21576
47799
46500
42637
37231
37595
14602
39639
10722
49136
18086
26892
44680
19743
32663
37852
23280
16506
14163
38361
47246
14835
21566
32240
20162
10834
27697
42646
48293
12678
47406
21407
24429
37990
18613
42760
18112
24375
33058
31099
30507
11986
21948
48749
11989
12654
44123
24915
31316
44772
34706
35139
21657
17188
12376
23032
20368
42177
23264
23169
17682
36104
23974
44062
16343
49083
45617
17081
37689
14836
36544
26638
17801
37478
48098
15113
23133
27622
45659
17316
45220
13457
33691
18881
45582
12410
13661
11792
21919
37647
24694
39116
29576
38536
37679
17146
12057
12815
13676
24703
19286
24686
32031
42062
47116
30580
36123
12260
22866
49253
31750
34254
26215
46105
43568
30573
31325
42689
41209
40822
15933
13829
48809
17809
31908
27024
44748
26103
35220
17560
18051
47230
23016
29033
24727
39718
48348
10244
49271
20821
33032
16575
20294
49406
49127
43247
11431
15569
11224
30710
46722
44801
49316
39852
24242
41398
29784
11522
28741
20683
41879
30508
45575
22603
48517
26287
47035
30430
43568
42172
36883
40291
12106
18622
29501
11742
25964
28679
29572
25517
35722
49924
27487
34148
32773
31327
22614
33726
30872
45055
16491
21613
41332
16290
12091
26411
30696
41143
23185
37313
33848
34874
46244
27735
23783
17889
42575
19121
39774
49856
11715
46529
34645
12103
42342
42185
48561
26474
49624
33720
32346
42586
19582
40175
36182
13508
33003
16524
11815
11298
14775
25720
47087
36467
42570
30497
31799
34958
46441
29342
19499
17590
11638
26425
37874
40818
29185
25955
10072
15905
40432
25336
11178
14495
27721
28196
30918
46905
24894
10040
19889
46725
47082
39707
40956
36988
15939
44511
25551
11947
44059
27244
15445
13352
32646
17766
38887
42994
16348
28710
21070
22959
43099
41958
23307
41979
40216
38197
36654
25965
22250
18430
28036
41001
19500
35816
48194
45715
18438
48065
49538
30163
46629
46233
47151
23773
25784
11253
16526
49248
47225
33905
40665
14745
36517
42628
40231
22338
18874
37636
11872
12047
10053
18794
24093
29943
19393
40502
12578
47302
28954
33666
44678
22693
48838
37563
32527
18887
49289
11791
11994
36312
12747
47350
32275
25360
30673
31153
20501
11323
29533
42891
42570
12624
21346
37031
42539
36430
32010
45099
44247
39773
17718
10239
31545
25803
28347
44137
23610
44529
37924
18235
20295
13315
15733
14827
48078
15043
27979
21848
40610
38373
16404
45655
30314
36730
17940
29584
24714
33902
39789
35565
40036
49415
41073
42748
49795
25909
39115
48137
32173
46874
20470
41066
43068
35620
18102
42265
15380
22627
49281
46680
10994
38198
12292
19464
29642
40476
16822
17201
42775
24300
19597
19498
33875
38631
41435
34720
31365
48459
24033
40370
49919
45500
35526
32858
47202
48182
11675
23691
40207
20688
11822
42762
42642
26121
39295
46460
30620
49173
11580
20255
49078
25384
11475
36866
17877
32301
45624
33925
41733
49606
44163
18033
23082
31968
26634
48060
25947
39470
32771
16889
25404
25574
10101
11750
41086
16287
47325
17345
45768
22845
36446
37084
17646
11366
40841
32072
48094
47335
15832
29264
40514
45118
14674
44810
22925
37969
19434
41673
16836
25045
21458
30213
31025
35528
20918
23763
40841
15499
37664
44507
28591
11525
27149
48884
44256
20738
28975
46304
45653
24132
16558
31141
39330
11195
42364
24289
19752
49960
48264
24099
24372
26139
17719
21626
22670
42364
30851
21506
42646
21022
44619
14460
46043
48604
32446
35225
47448
30151
20052
42909
25108
34797
14698
44897
44838
40199
30872
24926
23228
43000
34748
29577
17287
24839
10966
24024
22691
19953
41914
47284
13282
26616
47830
45508
13998
39532
23895
27912
45333
25549
14801
10100
22394
44833
46611
37396
32146
22079
26036
28556
30447
45332
12189
12185
32102
25130
39494
33795
30056
17305
34390
29064
20862
46676
42635
30327
15913
24531
23856
23759
38391
44486
11386
17175
48316
41143
43682
40682
34427
49016
43817
20524
20968
26782
16825
18155
34984
17614
49808
13462
36853
36346
49380
34833
35921
10980
16814
44816
22578
25724
17200
37283
10676
17950
12003
25417
42373
18307
46628
19838
14650
41698
27501
45055
10357
37907
14635
39988
34309
32591
11356
35981
24559
34425
16411
25452
48987
25414
26592
43326
29052
16920
19311
11010
12893
10778
23965
41236
14824
17229
35378
36300
21852
42390
24805
37856
24903
44979
29910
10041
12576
21064
34048
35813
35252
37354
30537
20986
26029
13678
34465
10249
45407
35458
24704
26520
10480
34980
28216
44055
47729
42270
21183
24673
44151
31021
29347
41918
10106
28941
12865
27939
22312
13959
24476
13012
30494
10724
45508
42928
18086
44201
25246
31687
21672
37260
19428
38475
30000
16902
13462
28312
24680
21544
40909
15437
25248
24865
28430
46612
49154
18218
45988
26467
18105
15520
36389
29318
22345
30227
36174
27093
11514
24139
31475
34282
29613
29686
40509
27277
49740
45217
36387
35231
31096
15149
49145
12913
31678
38847
30430
46840
33197
47178
17987
15439
21881
43720
10172
42384
34000
33034
42687
23536
29365
34945
23169
35655
46880
15171
38946
20454
44276
27674
24837
39003
48509
12006
32159
43186
33388
26621
28974
15864
10380
21495
45887
41220
28116
45779
17232
32521
28531
34120
33135
38637
18917
34260
24551
13355
29738
13750
30020
40635
11776
44966
40985
29734
47251
41073
26963
47343
46136
14366
39279
34951
32280
38566
30092
48612
10772
18289
16065
31412
42451
38071
16624
47077
39812
25071
43515
11058
29218
31573
11739
44809
31141
37867
34164
27808
42146
17226
19999
33694
33503
40056
45360
49920
26334
27816
41089
15347
49816
45807
15949
30569
16699
19810
24553
11278
35101
48508
12273
23921
14056
45423
31030
16697
31690
35667
37612
45643
14810
11791
25475
49436
36997
48556
27305
28099
21589
33846
28263
41915
21795
45054
39302
21585
49581
41028
33534
31800
44951
11883
34505
28024
12848
33572
43113
42868
35123
45476
12144
35024
12826
45607
30139
28748
10226
39848
42236
29706
28216
38723
27335
16781
49406
35349
25917
23975
32275
23368
15833
48990
48741
34585
44645
15185
24804
13472
10744
36087
27256
33611
23335
26916
15245
40611
11394
26837
47958
11363
43796
40205
10557
41127
39611
21854
38605
46929
18208
12295
32239
38581
10119
13277
40713
45025
44952
13671
35067
49572
20571
30930
37613
17585
17927
29546
15868
44003
25849
17360
12585
13913
18937
18419
36736
23065
11512
32390
45071
19079
22619
17861
25068
21868
45269
35869
26990
35863
35562
48251
24311
18341
38402
38487
31421
17431
36906
26008
33151
49703
30308
49166
28636
28469
22924
20724
45239
36744
23210
35150
29265
11715
31675
38445
30558
33533
44690
15596
43081
30290
47626
28761
39410
49681
44863
33138
37547
14496
10448
47774
35405
33479
42227
39351
31315
34092
27177
10726
43823
20766
49808
14654
38192
47934
32087
34456
23994
47693
38723
31216
40343
37201
43739
41416
28880
33495
46380
48631
38030
41082
11170
41325
46515
25991
48258
43958
26473
28192
48622
43822
42336
15149
45032
19084
11118
12752
42807
14133
12233
24766
30623
24743
39082
23787
25921
40174
32279
16694
32691
41866
21819
41687
18610
29273
48812
32796
35693
32645
15341
26605
34701
25801
44815
32210
20433
40649
13619
14054
18396
35458
10003
15279
27046
44868
30189
42040
28482
18674
16126
45810
34643
42974
31390
17608
46691
15300
17512
17118
29261
12612
11551
32407
47400
31923
13901
26899
28866
19331
12599
26914
22083
18367
20300
31760
44262
34463
24969
16973
11225
24398
37069
19910
47463
33177
17168
47625
40409
44418
34814
37093
10256
42865
46466
40397
28694
14134
46640
38862
27393
10371
11021
20746
40313
28599
15194
18413
18511
21639
32281
49138
46388
33042
26326
30923
36852
24801
10662
13891
30291
43149
39849
24439
20338
47836
35932
20323
25927
48685
20252
24740
34962
19082
44933
15916
25068
35898
21387
19743
10991
24184
24217
31911
30349
27087
46034
37075
27168
40808
38305
37970
35191
38354
30186
25178
19046
41116
33237
38485
49740
26179
42313
41291
37583
46071
11215
28342
49855
27950
30670
36777
18714
13210
14129
16717
18798
41754
38567
18953
20141
34212
36282
49396
12321
41963
30070
28001
28233
44538
48010
34294
14549
16454
27438
38817
31918
29600
19559
31164
24841
31698
23557
13448
49887
37294
41290
27151
24780
43668
44393
34029
44610
21859
32735
23671
37292
41380
10849
46186
26589
12238
32654
24678
37730
21930
26853
15968
40811
13762
25220
28399
37877
17573
14923
21380
35339
12305
18069
13828
17015
10094
38612
25341
48106
11977
28990
17352
30265
26804
23034
42948
39131
33364
11290
29313
47106
29325
40044
29775
40217
38864
23260
33461
16634
26446
24836
39579
15935
23338
37342
42755
39676
16979
39494
12388
18190
44403
14100
39238
29041
48518
14429
46227
44361
23824
40225
48916
48034
20608
45672
24062
27575
39642
47665
20914
42253
46852
45333
41234
39454
45733
12449
17152
12484
12500
12214
46885
30937
40890
28375
14038
35583
49141
37789
20429
16473
17779
20471
13256
39348
15062
25315
41858
47729
39500
36239
19798
31083
31533
34893
25882
10365
30717
21233
34697
44370
33504
31085
11228
30521
28853
10488
39128
32440
32538
36479
10951
29192
35433
33953
21797
33777
36720
28498
35015
26078
23742
23804
40713
44730
11560
12272
14148
44520
18630
26933
29505
44343
11464
30203
37393
27796
49056
49709
25334
48308
10209
16620
47037
36556
12664
47160
22149
41813
38514
49933
10821
40326
25484
10396
34445
19969
38541
20372
12965
48139
20379
25869
10389
36233
23821
11139
12459
47103
11604
27140
46900
18799
41744
17904
41239
16605
37493
44104
26994
47822
25131
40560
17045
48015
34290
31793
25424
15755
35152
17716
48426
12464
43975
27468
33335
15423
39977
35487
43938
30048
10286
42648
15628
12550
41254
14162
19405
21149
46342
10851
24095
45944
48996
43183
13336
14987
47217
38017
30892
25826
34938
29581
45588
31887
40563
29958
37547
35363
48691
17525
48004
39584
33323
11681
11635
33538
48126
49522
11861
46853
10974
35098
39752
47938
21367
34351
20797
17838
27308
46163
18004
16665
13186
38661
44033
25185
44940
32525
28684
33555
16507
34254
49872
16290
28769
49454
49371
14751
21205
31473
11125
22509
18902
44791
15982
43414
36822
18359
37041
12363
18711
49226
35125
44418
33868
48214
22028
35052
26632
41364
15313
19478
30329
35501
32399
36642
29222
12277
21864
19653
38341
44811
20642
15076
41311
34550
44580
18584
26498
30799
39729
27401
24952
10220
48115
43795
12865
36013
28448
14694
10090
37297
25184
40017
31044
14735
46770
31067
37424
27288
31482
10336
32193
40902
29177
18580
29041
44647
45579
49863
47745
27162
40799
19110
28453
10885
20124
11020
33085
44891
20497
38260
23509
47034
37664
42596
10985
44876
11702
39433
16677
49115
40696
31768
42172
42500
15358
28509
45249
12772
49176
13556
46287
13246
13969
43884
42791
15878
38968
30891
36488
46488
36435
40258
15868
30535
20703
23159
14377
10306
25119
34079
39573
43639
16646
13423
15840
40619
49747
44881
32289
11264
44231
35283
33193
11818
42025
25534
15827
34237
35212
41158
16178
47505
33611
12939
38635
46533
39997
40490
15583
36905
27649
40880
34283
36396
20790
16828
43228
26157
16528
35878
17098
20376
27525
23165
31594
13347
26577
47004
41316
20575
41742
47555
11156
41804
46386
15137
18623
23918
33115
39992
23611
13896
18435
22239
23404
23924
23246
22434
39852
24626
38664
31021
10687
44768
21103
43774
45680
42164
30176
25260
47685
16640
30087
45728
34492
39257
45590
47246
45824
12438
25544
20073
29588
48520
44939
13719
49977
32154
43677
48110
16997
45860
43131
21354
40047
40776
28879
24362
22046
28710
40157
39414
36917
47941
31433
26851
15962
22731
15505
43652
16183
34772
32000
41100
19295
31529
10538
15061
48385
15687
13468
46274
38426
39461
36708
49727
18327
26617
17699
39056
36244
46616
11371
12750
39029
30223
35111
38496
27278
10717
20943
34484
19184
15761
28088
38077
42293
32838
49116
47793
22037
46911
43855
43342
49793
33214
36247
39525
44450
47034
24261
12314
36237
30771
39253
44250
27403
36008
16590
41701
49890
30285
23266
49677
31194
43500
42536
10547
39837
28642
21298
42477
28195
43650
23277
27690
24606
22455
10290
36615
44950
16501
27224
42497
14571
20155
44350
31257
20720
10398
40501
33966
14127
49024
26357
39528
28540
45609
39498
41840
35934
31805
42857
43647
20831
43641
34217
45865
12689
43779
31553
18556
11882
18207
43244
35854
19215
22893
39411
18845
46492
48599
22492
14899
41232
32504
46033
49776
33845
33088
19885
37531
40713
44957
36890
15589
10825
18461
37968
15050
29853
28679
30899
14785
17326
38207
19566
40985
23593
30068
16655
13656
41929
48033
27914
36584
40301
17052
28107
43905
28472
43544
17278
23616
27375
14480
14775
22215
44170
21478
13004
48399
26076
20279
20836
31628
41110
14970
28807
31283
16689
37947
41851
23647
32777
17001
14493
17698
24766
12490
33466
24487
11121
39167
30585
35912
32202
44619
31605
34175
21728
42820
34696
17990
28180
25419
11841
28866
35221
22027
13292
36674
21193
24626
19690
26948
23557
20665
11047
39843
39848
15075
18502
23255
30260
23485
39295
10500
19998
28416
42374
40902
26930
31047
34552
25962
13768
26076
48284
36687
48390
28354
17881
25661
43138
32210
25496
35894
14285
43621
49806
43651
30425
12217
34627
46741
36482
41184
23966
13223
48905
21617
11840
22150
36914
16879
10308
42797
39606
39480
11732
30788
25166
11574
16884
34655
21478
25076
18456
29742
23182
29997
15952
32843
33696
12464
32532
30794
36558
43244
28815
10585
48301
38541
31756
10317
20473
45538
29071
22234
32709
28432
32320
49209
32715
17281
48389
33141
21726
43655
30593
14435
10636
26708
14954
31921
14094
36453
16196
21971
38757
21415
20698
12721
49256
34238
23449
46887
28389
34535
42390
24397
13666
41154
44309
20895
40504
37603
30923
48508
15761
40006
42200
48447
49039
19380
43185
27197
13518
36284
36490
47705
47453
18509
43638
42245
45919
21147
30270
25570
41048
16650
44373
41974
24634
45793
27645
27313
23726
21132
49596
36722
16253
43462
33013
39959
16110
13263
29750
35200
21179
46952
10977
30982
21864
37875
49438
20341
45551
19936
35016
13891
42233
32741
27703
27139
23794
11901
15540
22444
25254
44460
36021
34616
24220
20475
30695
22177
42195
30517
20626
24252
42060
12652
43102
14296
10823
17849
16188
34459
27672
26518
18380
30983
17036
44876
34522
37200
30300
26693
20690
39697
45300
49840
23346
16092
47012
34655
43235
30770
13249
37804
36105
10570
27900
28866
30698
33140
26316
49213
32043
16733
14380
31601
44383
13057
41616
34302
19127
37831
33112
49783
17559
30724
21222
29375
28758
27864
22062
33820
27551
44592
20214
41288
25422
26713
45859
30517
10102
14806
11162
26778
25627
29583
21868
27336
29474
45027
46955
18597
20795
37258
40385
38642
39020
45269
24253
23342
12544
22468
17176
30047
26395
21163
42497
18488
28466
25171
12874
19505
24523
12871
42632
22703
14929
28952
12039
24332
22697
33898
42188
16496
20859
20589
40831
11483
42653
37834
16189
43000
47901
12387
32363
40772
43607
40307
41745
32381
48101
41047
48205
17487
38555
23383
41224
20893
45886
40957
38771
22624
24056
39096
10051
39652
37660
10576
10579
21178
46475
17755
36214
42889
14332
10042
32237
45860
12166
47725
20523
16522
16588
44853
26313
39148
31378
20023
14425
12333
40202
36310
45473
18331
44029
46727
41749
38683
47233
42566
33761
20696
35076
43800
20626
14216
47250
49917
36127
37755
11186
32339
39713
22112
37721
35612
11398
16207
41938
42808
47220
46899
46378
20165
26806
42655
33843
37344
41913
30033
12399
26621
24309
47744
42230
36822
35693
41870
35864
29533
19216
45292
44999
41245
12080
42877
19801
24789
26840
16436
33290
40680
46936
43785
47367
31348
29839
23469
43852
36295
16046
36991
11288
29505
27994
26743
19536
49640
28795
40327
19834
24041
40757
23020
27030
16794
34389
46454
31647
29828
40584
10713
31149
45489
42250
39999
28807
20170
10544
40502
33868
25921
13755
48144
41342
12157
17537
49048
43078
35768
44047
40819
20700
28863
29011
31065
17985
25540
49997
10780
29344
20262
25648
35509
29661
37385
23626
31547
12350
40837
46124
44134
21706
47147
27443
15595
20199
49475
27106
37132
41050
47488
30479
20639
44411
42565
16464
38104
10301
33514
46241
20035
38567
32197
26660
35922
46477
37130
27549
23905
22342
16118
33892
26019
38684
48944
14401
48442
12760
46235
19051
39157
13515
11024
49561
37411
20768
30072
37032
46526
46534
34187
48774
32063
20598
48319
29480
48292
33920
41845
25243
12396
15335
24383
29053
28386
31316
39864
48195
28489
45165
31625
10943
17974
32356
31888
47800
23216
24660
36857
14452
40562
16226
20746
33367
47251
16196
45204
25068
34169
26359
37352
18638
37910
25036
41395
40685
23515
17007
40256
32801
20936
47481
31475
32698
45951
26453
11908
16045
10666
44725
21832
23958
32452
14523
20185
29013
33230
43951
15785
19680
40091
23481
42610
25800
42906
39191
49088
39876
31254
24965
29192
12519
20841
49061
15796
10220
33777
37661
30022
19300
26266
49936
31546
47913
20624
12184
25478
36840
42345
22432
28343
38443
38401
37213
45947
34956
17720
10644
36681
39846
31715
34543
16058
19128
28676
15667
37733
45068
24930
33831
21694
17432
34173
15327
38027
35335
23143
40089
42758
41681
31406
22030
26712
19522
47860
25025
45556
19194
49789
44581
11873
22719
11874
46117
32664
41858
26211
41181
41659
34435
33161
41431
40626
30357
10687
22412
30778
14178
37368
33101
33118
11772
25504
32536
49957
36098
17003
15711
29350
47439
18628
19004
27999
13162
43384
18118
33127
35312
28734
20331
42505
26058
10121
44501
43056
32606
29249
10539
38757
28304
26651
15107
12492
28707
20862
46329
46757
24402
28713
38468
22559
18180
43302
20435
41831
41581
17706
20412
23592
22805
35953
33373
34419
24538
33147
26374
13592
33227
44208
48688
25132
16798
35700
39158
31373
23210
39666
15982
23322
43269
38494
14949
16370
21547
13940
26050
11902
34585
38766
46096
38774
24795
10814
37433
27142
12017
15974
15925
13768
27302
20039
22136
33689
47219
20005
20216
23351
23733
49333
35808
13335
47499
19901
17343
33565
42069
32568
49190
37441
21111
36285
16390
23364
45310
43908
31339
32155
32192
43687
33029
17745
24467
27004
35702
12564
32192
37722
28546
32831
35294
19748
33642
22289
33689
46318
11380
19105
41402
33712
24893
43180
13056
37301
44362
29810
14975
39855
41347
42052
17758
42305
34328
33561
33529
18202
34751
39003
12350
29442
25149
13919
31361
21409
30541
21382
27967
43488
24319
45548
16737
26253
19323
12716
12097
10034
11874
38252
39955
42201
14246
31955
13041
44312
40746
28053
19986
31312
23671
33303
20837
48541
37792
21323
45326
13250
35044
26064
38801
43506
23158
32699
22413
33784
22119
43209
15351
20473
27505
46052
14621
32005
24570
41794
19105
12402
45032
47564
28318
17874
29965
47717
30686
16967
49010
26681
11542
37754
46622
10124
22559
34664
18766
32841
21974
12172
36527
42061
27363
42882
43675
19832
30994
19751
43320
42533
26092
14639
37462
17335
43361
40493
18992
25762
20818
40679
46213
29327
10197
29922
13002
25860
18849
29076
15030
47801
41785
48307
41414
27807
46409
22603
48526
40209
41891
22920
29159
27928
43117
10650
18024
47767
44790
12985
35103
33566
16445
43880
39473
39015
18933
40568
34251
49207
27869
43202
25488
21785
43747
10622
27309
12022
45665
29549
29505
47484
40337
47812
37331
17924
49861
26193
42220
14846
28542
29385
30011
39893
44115
41585
25843
38621
31151
16838
11986
35121
13695
10297
35036
19586
37952
41361
18944
44247
36139
13055
19938
10648
11604
30271
21583
37155
31846
28022
40438
12552
14777
28591
10990
11417
39245
44670
16011
44921
20326
37432
39520
28976
48251
28576
29693
36039
36724
22357
13087
47681
20151
38361
16258
20409
29097
44886
22516
18869
34898
32600
38301
26672
41729
19077
15286
23830
44757
35205
26133
49953
43377
36713
32501
34695
29413
12669
37272
21476
29235
35707
42459
35870
30401
18055
48821
20445
30530
35201
12523
16943
35140
27084
25974
38112
20606
40645
48531
26005
47385
19995
21068
12511
33448
15272
21067
47633
29753
37945
15442
46966
49002
47743
17018
45095
10706
37459
17926
27683
22175
28671
39304
28684
49170
42780
29990
43198
25592
14485
13187
11835
19131
27778
40622
39140
40124
45442
26857
47583
38613
43875
36312
39727
27158
41502
11269
14509
25179
25637
17120
34047
35992
22898
11361
43379
37194
33417
19279
13895
26287
49975
20108
23569
20193
46999
28731
40755
20854
38093
38230
14162
41046
15272
17165
41921
36604
30949
31301
16819
21318
19109
10180
48130
12248
18410
31382
45132
40387
27599
42146
23604
30586
37683
45978
35712
43268
12644
46791
28297
49892
49576
40459
11310
18951
26011
46739
24932
33650
42221
34454
16454
35973
32914
43356
46275
42099
22526
48284
19061
44014
39701
25494
21760
40213
37302
48890
42025
23571
14297
46029
17045
20955
15491
46995
30402
33072
34824
15004
43191
47607
35594
28841
43063
31105
22150
40007
46212
39491
30098
28292
46785
24530
19170
28321
17958
25243
40213
35193
22169
46026
12928
24659
41039
48800
13257
19997
18206
10356
41783
26390
15515
10851
44711
27580
11173
15668
32055
41099
47911
24410
48265
19064
47884
38182
47200
17465
41029
37883
18203
20025
27169
19905
12083
32071
13516
10223
28625
26396
46856
24231
24616
16897
14078
36460
38579
34788
13390
41887
31400
24828
32730
35677
39939
23873
13576
35691
43962
49037
17467
20172
12240
43510
16990
26084
48924
48270
11061
21672
43249
45335
23969
10735
41878
33332
20781
41337
16588
40134
20139
28270
17738
26897
30956
37878
42181
16312
29399
47830
28866
26590
37255
39246
37559
25231
47777
18491
42617
11327
30320
21650
29363
31765
18176
11123
36034
13174
39537
19084
33593
20714
45974
27136
43546
10341
16727
49630
41144
39275
18457
35118
33362
40330
29626
30698
24890
29122
44704
40263
35191
45047
32721
20036
24300
18316
42643
30117
32553
40453
23468
28396
27500
15900
48243
24677
26878
14963
14655
14468
40061
18157
38010
35553
41260
44085
20027
23681
13583
48777
29475
10474
28735
45768
34748
45805
37611
39304
29273
30520
39583
31085
49987
36232
33818
24617
15836
21471
43369
47884
23494
22992
48029
20978
42328
29459
15610
22446
12346
22188
41891
38117
41229
30214
41834
26506
30226
29409
14683
32979
28477
37172
22931
22859
28182
34206
20381
40269
49114
17264
27186
12372
14597
10011
44418
37319
10416
43617
12378
13213
48388
44912
26579
19509
43752
30726
45657
35324
14262
17189
10030
15504
27146
45755
48243
14402
38656
42965
41356
18379
14916
21073
30607
42787
39805
28943
27443
15317
24160
45262
22337
48316
35247
37350
10774
26396
46047
28701
48102
42656
11711
33987
22497
15570
15501
36950
18999
42094
24045
20566
32993
29593
45935
45731
35298
21998
27528
12419
37300
10153
37672
14350
38332
26266
42105
41484
32830
45688
21535
18938
20319
15980
37342
18591
12704
46284
31519
11556
39549
13640
10387
14041
18731
38490
25136
15340
15575
40474
46353
48561
36041
23794
12508
46068
33367
35876
26302
31449
11960
41165
37189
18234
14120
33523
42087
20601
10917
15962
19882
35856
39312
12901
38330
30393
44096
21085
20815
34315
27838
40917
36470
21182
45212
33609
35645
27451
20047
18534
49132
34531
10174
29662
13688
44478
25884
14818
23795
47581
11110
42789
15729
34708
41583
14492
42300
37416
31347
26479
15311
35271
41631
44531
46219
15110
31391
48815
42509
18784
26673
42975
14610
12203
42231
24002
14611
19696
43471
26495
14863
43878
27828
25339
38258
22134
28338
11616
13258
12111
44709
19219
35750
29117
31362
35644
31422
43548
13964
12927
49085
31997
27820
31614
35363
26459
26906
38168
19606
22167
40256
25380
42970
11993
42582
31823
30047
34093
35691
27123
30285
19002
46638
49079
34814
43797
36044
33472
33698
26109
46942
26388
33521
31288
41458
17729
24344
37601
40503
33844
27908
25350
39628
38459
21584
41465
41931
19949
42490
10761
37308
36263
15783
29149
25699
37989
15943
19101
48498
44020
13910
26782
42376
37625
11330
13539
46264
33995
15288
13268
49658
19305
26630
40378
13437
21568
47146
49419
31558
34647
47569
15606
18804
12130
19528
29772
14020
30571
48759
12295
13731
21611
36188
11815
46497
19320
46426
40327
42284
18171
24053
20251
25054
10894
30457
17843
40129
41318
12125
24960
37631
21150
21170
46572
42523
30378
49719
43234
24623
19383
29440
35498
37142
25231
19226
17578
25865
13319
35624
28117
27938
11470
16248
39553
48488
49411
43042
49897
43021
31974
11430
36918
20323
30520
38466
16195
10344
13017
44042
11956
40694
26772
31337
45612
39548
21116
44241
16841
20969
13901
45553
41507
35386
12966
27415
46609
19497
47966
27907
44905
24559
47246
12435
19818
22359
30751
10216
26535
49867
25358
46463
48721
23421
23035
49631
14294
27674
32069
48548
43472
12754
45761
22629
44616
10426
24515
28140
22736
37431
14032
46117
43331
11126
28200
30105
31554
21734
23924
17211
31549
32704
40530
40233
35322
44148
15289
49833
31097
40404
11870
11910
22305
37871
11892
40491
18301
39795
40271
27213
28204
41785
33417
17262
19316
30553
11050
49337
34256
47589
27031
44040
49326
47854
32408
48653
14799
17896
14899
43202
34226
39651
47051
25256
20266
28014
19557
20712
30989
23600
34236
35390
34814
10490
34913
45037
30299
24644
12185
38336
47289
42944
24541
25379
11351
40753
46626
42133
41964
49303
14022
44679
21082
13038
30165
48837
36583
29801
21859
13752
44502
11169
32031
34153
46885
24738
38174
24085
47458
11328
24344
15576
48615
45562
28028
33928
28054
38676
28664
43713
14154
37553
16284
28380
38111
37837
32739
21019
43484
36543
35458
31858
31632
46266
48809
29943
20929
46073
48433
36876
45241
43974
22349
11564
21010
15941
42831
12549
33142
13643
48925
40211
17095
40840
35727
48092
22122
16428
35104
11357
27630
20358
32490
31449
16145
23813
46418
12572
38736
30580
40793
32708
15891
46524
41337
14098
18100
14102
13150
40177
11081
37428
19363
18299
31135
48715
35747
13529
39227
11417
31584
35160
18201
19550
42548
28729
22156
43878
12318
25641
47850
23456
23651
25906
41789
15241
30211
46494
18634
22052
49825
33383
26292
25916
47530
44574
45256
48257
16436
42855
28235
40644
47297
46384
26743
49330
35026
36343
45048
49911
49130
37000
40790
23600
17047
15842
40205
39276
13683
42704
45474
32358
36078
10944
44396
26936
23280
31173
46230
23393
31534
46212
40920
46784
28387
40490
19661
18026
45175
12229
37353
43953
39749
43821
10690
45905
27171
27287
14766
12572
26518
29703
34455
13270
37703
35600
15731
47117
44520
18396
31363
31725
35040
44070
22777
10516
38577
37068
34104
25490
40553
16226
12672
31702
23159
33123
11520
22970
30186
39978
19971
29928
45323
15654
47300
12112
40708
26884
49383
29337
37629
35440
48779
43832
33615
40793
12772
10858
49924
14942
28295
17374
25515
16164
22048
16455
11219
17884
23114
40131
19679
34703
16066
24274
19609
40618
32313
11824
11687
16412
17595
47036
15652
10551
28944
48725
42411
11129
34114
38917
20212
26457
10746
22963
24814
38137
18358
39824
19417
36642
24101
40888
41888
35967
22245
10154
35913
36974
49571
10805
32613
44142
35692
43984
10645
48406
19286
10051
30164
19398
27095
33553
43918
22759
13266
27529
25969
25127
40776
47558
45573
14358
38529
13183
26591
15438
43374
11027
30786
22061
24556
29641
44303
40708
46705
20106
30877
34530
34238
32203
24325
37383
16041
17856
20345
35650
15438
21079
26791
32250
22769
37483
43551
21942
13714
26933
35345
20169
35569
29784
33162
35318
12285
24238
16054
24712
12292
10388
14024
12405
28136
24130
19688
14772
45175
41975
31200
43849
35537
17121
12767
46240
46735
21860
27159
22916
22240
17454
23878
47485
30179
16584
32528
28585
19604
15989
30845
27142
24604
25634
48998
20538
23437
19379
41775
37736
39719
47919
46417
13943
46108
47288
48678
49780
38342
45097
36684
34221
34861
12122
12579
29732
19705
43066
46874
26761
37422
47138
38959
23721
13500
33763
48315
43137
20238
20710
34862
33619
22814
39625
38702
33421
18681
22979
24388
33174
10233
15970
20389
16489
15256
21528
46088
47415
32958
15032
35986
15181
29215
35253
13177
19556
18299
14356
38928
42873
18455
46135
36067
35732
17822
43100
35447
22973
14614
48366
49399
18248
12171
25339
13979
22107
31074
33228
18425
21735
38331
16937
39353
33929
15650
40106
48384
30205
23181
13239
26873
18477
19109
15518
25255
25816
36984
49788
41901
46724
16288
12933
10115
29724
25517
32243
20021
34106
20779
42850
26801
23544
28461
26832
36511
39224
23015
37794
13068
38202
43072
46686
20565
30634
39084
27816
41195
36065
14650
44774
38323
25098
45052
49540
23312
24731
48529
41420
17217
46881
20264
10037
19346
19064
39398
19113
10657
14790
47477
26289
25645
10019
48588
42258
45687
31426
21206
37456
10592
18355
32639
27273
16842
22030
34212
30681
28992
40619
36989
31191
48900
12268
25957
19198
20918
22967
32451
32810
12353
38429
47598
11450
42585
19498
24845
27312
33914
36012
41235
34092
48957
45059
46924
46163
25577
45487
19644
33045
42976
23340
36655
26635
24668
23992
36250
39312
29120
24616
42349
45762
30903
44860
20948
30009
33453
34344
49875
46720
10473
29388
35075
49598
32455
17898
45260
38363
38814
44572
44853
48149
19035
48567
38259
20688
16946
29171
33585
32887
27385
38084
10512
13956
12516
10777
40234
31315
43006
23490
40591
10420
13446
28957
46532
23046
13255
13689
48305
37598
39240
49948
34354
40536
48176
33317
23440
47947
10269
24373
26063
28588
28012
34596
25424
12467
19998
32651
17801
40876
26687
24706
37633
45616
47446
31557
42302
40053
39190
36111
28757
34922
34539
31896
14255
46851
27493
36158
48324
35501
17721
22280
16614
17756
44310
49458
46108
13730
26559
11077
27210
11503
34976
32672
44731
40841
43637
43963
39550
37748
31536
32109
16248
10039
25484
46689
35010
11325
25858
36436
40129
11722
30971
44077
41192
48610
17634
31971
38294
14021
45571
49630
23141
13712
13825
49715
29698
45908
15420
25446
41989
35633
30957
42016
48754
21188
30093
21442
42718
13965
48755
14281
32072
47673
22405
42495
43396
15723
30947
47340
48375
41458
39653
18765
33221
16171
40680
10594
24484
16419
10672
19150
43255
38549
23019
33534
37404
26360
43667
28120
43571
19962
20567
32326
17005
49439
26468
31443
42562
37998
39784
27322
32713
36411
22670
45474
12203
38892
18672
24335
46193
24363
20356
49312
45046
37869
32195
12347
10037
19034
38688
20704
39532
35467
16982
16078
34328
32343
44642
16103
13375
43389
33485
17952
30887
40868
11428
14295
43508
34623
34502
49472
30332
28108
29041
36928
40993
34546
34693
43802
20827
25408
26516
20202
15454
14085
10234
18137
48556
16794
37149
26865
29190
24800
39577
21870
37619
32821
48793
17103
33005
11519
33073
23097
27087
43860
44250
40969
40026
14761
46885
38638
34802
48984
42027
21275
10308
10346
46814
31176
19189
17806
32709
49305
44915
13751
45689
26223
17196
23089
11058
23181
23397
16901
16038
28669
14683
33353
15151
20175
42212
49935
16226
34628
21736
24961
20491
37147
15648
12110
36006
15838
36617
17525
30765
27163
29467
11051
22294
47633
28753
12909
15126
45184
13374
45000
26298
16011
39239
45615
48285
23145
16736
32383
10954
41856
49102
26149
37594
48449
37471
39576
37663
31624
23399
30310
45890
25653
41527
22249
23090
24166
34982
11211
17142
31250
29565
15777
23472
46478
25885
42250
32420
26137
26752
24311
19895
43405
11273
24632
10445
32122
29940
20169
26256
43003
44227
21527
23127
11736
14497
18167
25071
14102
43464
25329
18813
28901
28116
35095
11351
28071
32172
49791
25727
20623
13004
39660
31945
22738
42835
12234
25884
21081
11148
22469
16558
34731
43327
15151
20971
20516
25336
30877
46985
39721
13637
38096
11851
46494
10320
42672
47688
14693
16580
43721
33585
49714
10611
30522
28085
41258
45214
45463
36906
39273
32261
22951
33475
48809
18805
13509
28607
33728
36854
24517
47636
26855
30145
24721
17068
29954
16883
43496
37135
30012
32073
26711
37671
33087
39422
29163
37607
30863
27135
40700
14862
18901
36592
26020
23292
26327
26463
12841
15584
20513
40450
28423
39677
14761
33695
21338
19886
33927
40417
25395
24384
13122
16696
22583
35176
25494
13959
43590
49526
16309
26659
35320
30648
18110
45661
38516
18713
22017
47524
23120
22544
49503
43006
42088
22949
40016
22439
15210
47634
15853
28649
32203
29375
27104
13114
32664
47763
27219
17579
34387
47584
10517
34126
25333
11517
31025
24958
12110
27593
32611
11734
35755
17159
37454
24648
34746
19373
12989
23781
30027
34535
36995
27434
30787
29307
23618
20908
15681
49683
23461
42617
11200
38818
24921
45007
14372
22833
28183
23028
12371
16535
33813
18673
44437
35148
19841
11770
17057
17350
10268
17568
46688
43321
24005
16620
46304
46070
40439
16324
30950
11073
12510
15135
27517
19364
38134
16818
16758
48852
14671
44880
47908
39787
19739
32498
48792
29157
15205
12256
39667
19540
33807
40277
44738
20908
36153
39149
18169
23443
34431
49972
34353
48150
13290
26264
30427
25191
15386
42523
31830
36831
20271
25600
12887
10791
20546
28550
19195
36407
21617
22979
24838
49117
30355
38016
18000
11425
21106
20179
32372
16085
14466
25585
22261
23515
21245
30926
39831
35001
29884
24707
45682
10698
48473
18017
42255
43160
21412
34894
43068
27656
32423
49511
39017
14993
23224
17682
25440
33458
28464
37713
10680
23244
10601
39350
49993
19242
40825
18963
20313
16452
47132
48523
28050
17014
29277
13236
48636
42720
32536
23599
20497
41174
26461
19632
27479
45804
35799
31039
43919
28786
41564
33865
34338
47675
10610
11551
32963
26909
34291
18022
41191
45212
42766
23150
13261
45988
30991
45998
24674
23441
33068
18629
46595
37137
39969
