6497536
1367808
1614592
166464
0.96
0.96
0.96
0.96
0.96
0.96
0.96
0.96
1998336
0.96
146048
172032
3.04
0.96
0.96
0.96
0.96
0.96
0.96
0.96
0.96
0.96
0.96
0.96
36
19.04
12.96
10
8.96
8.96
8
7.04
7.04
6
4.96
4
5239680
3055104
1900544
223.04
1029.12
579.2
6335.04
1578.88
214.08
0.96
164
490.88
1397.12
0.96
529568
1552
499.84
104
298.88
2716736
3.84
4270080
112.64
22219.52
128128
242560
23714.56
148
1062912
3946496
3.2
85632
9246.72
12428.8
3.04
3.04
0.96
1579648
1380608
17080.32
60.16
6346.24
9758.72
25075.2
8908.16
42229.12
6119.04
176256
82112
13006.72
0.96
324
39.04
8946.88
6455.04
48979.84
2958.08
26600.96
6892
162304
136.96
188.96
10.24
8.96
108.16
524.8
240960
0.96
2
92.96
94
489600
39.04
24.96
38403.2
105.92
32
1.2
1722240
321.6
14183.04
2585.6
1030736
8416800
4508672
23.04
5.12
5.12
14110.72
14360.32
14424.32
14350.72
1016.96
32
526.72
170.24
25.92
126
968
352
1253.12
952
39.04
11.04
7.04
936.96
412.16
6200320
4930240
440
442
440
24.96
1.2
25.92
440
24.96
24.96
128.96
3933.6
23.04
7569.28
1307.04
28.96
8174.08
7502.72
7525.12
7557.76
1214.4
4314240
3945.92
3917.12
446
3896.96
3897.92
3766.08
3775.04
3759.04
3765.12
25.92
3968.96
3864.96
25.92
30.08
5360640
298
424
288
262
270
3735.04
3712
841728
28
3694.08
3680
3.04
3.04
38.08
48.96
3683.84
3685.12
3664
3664.96
255.04
3673.92
3679.04
44.96
1452
818.88
1091.84
1111.04
7.92
4.08
4.96
1386.88
3939.84
3944.96
440
5586.96
3937.92
3937.92
130576
4038.08
3930.88
3926.08
3920
2960960
3016448
18
3933.12
3933.12
28968
436.96
239744
2039.04
26794.88
124.16
5.12
3763.84
3778.88
51.04
3789.12
3786.88
3782.08
3782.08
3783.04
3785.92
3792
3792
0.96
7712
1397.12
7562.24
156832
7537.28
227.84
7559.04
337.92
1047.04
1162.24
60
7633.28
5.12
83.04
35.84
23220.48
416
271616
1326.08
0.96
0.96
0.96
0.96
0.96
0.96
0.96
0.96
0.96
0.96
0.96
0.96
826.24
1029.12
1384
1317.12
3712
1213.12
9696.96
252.16
1736
28493.12
9790.08
304.96
16886.08
3514.88
23912.96
8428.8
1164.16
1136.96
1745.92
1377.92
1177.92
1261.12
1344
35.84
399.04
380.96
363.04
396.96
360
546
741.12
151424
8.96
96.96
8.96
8.96
10.24
8.96
148
8.96
8.96
8.96
656.96
8.96
11520
8.96
8.96
8.96
8.96
176.64
8.96
8.96
8.96
8.96
1.28
1054592
1383.04
20.96
24.96
188.16
7850.88
8.96
3.84
6.4
7857.92
7866.24
24.96
7824
1.2
21475.2
158208
11.2
156416
40
48200
7443.2
1672192
7329.92
6648.96
7336.96
7448.32
7356.16
2315.04
4
2.88
2136
151680
32.96
378.24
241.92
1292.96
434.88
1132.16
1958.08
250120
1295.04
326656
1352.96
4626.88
4
34.88
1319.04
148352
1838.08
2705.92
264.96
4
498
2229.12
43.04
668.96
620
264.96
8863.04
1.92
2392
4755.04
6900.96
5052.96
87.04
13754.24
142064
1431.04
344.96
611.84
13.6
688.96
1733.12
124.16
1696
38
460.96
49.92
1831.04
397.12
13.6
169.92
201344
48.96
112.96
0.96
161152
95.04
2609.6
170.88
59875.2
126.08
185.92
188.16
412.16
1489.28
48
0.96
0.96
156160
1.92
125.12
142272
127.04
29.12
226.88
716.16
67.84
321.92
40.96
6
2
21.12
2
305.92
9169.92
16
48.96
294160
49.92
140928
101.76
198912
7005.12
3218.88
236808
38.08
7.04
1153.92
74752
2930.88
149504
140928
3213.12
44.96
68352
186752
1664
846
19.84
0.96
1.92
6016.96
5328
61.12
168.96
9242.88
131.2
230560
18805.76
8872.96
144512
142896
9127.04
9310.08
281.92
176896
1164.16
143488
885.12
309.12
144.96
46.08
131872
172672
141824
129792
139520
3203.84
309.12
337.92
20193.28
4
14.08
2
126.08
478.72
549.12
584.96
127400
28.16
31.04
522.24
137344
15305.92
15286.08
134272
6067456
196416
3030464
15232
15245.12
15184
15192
131456
6169600
5081.6
83.2
5.12
3.84
5.12
5.12
5.12
5.12
17011.84
16914.88
205952
362944
3574528
1386.88
120080
601.6
132608
197440
27.04
36
26
36
201088
931.04
94
35.04
30.08
34
11918.08
1575.2
1302.08
34
1092
2.88
1.92
4
124480
968256
207296
1761920
1137.2
1342
533.12
49.92
6582.08
118320
3537.92
6679.04
24752
1340.8
6590.08
4389.12
3657.6
26
453.12
786.88
79600
1920
278.08
1328
3.04
172160
32.96
674.88
118
254351.36
35.04
542.08
20387.84
60.96
2
27440
2
17260.16
10.88
8555.52
8216
4.96
4.96
4
129152
4.96
1054.08
6.08
4
20680
4
4.96
189312
4
6.08
17.92
17488.64
2
2
73.92
24
197.12
120.96
967.04
741.12
1943.04
3029.76
8240
684.96
394.88
517.12
7453.12
451.84
564.96
862.08
38816
463.36
7.04
6529.92
16368
19424
4.96
191616
0.96
0.96
20369.92
0.96
258384
0.96
2976.8
24569.92
7.04
8
8
56896
12
12
2
2
35.04
22.08
201.92
225.92
757.76
382.08
1858.56
2571.52
10.24
7.68
0.96
10.24
182784
16384
2963008
0.96
2
3.04
2100.96
5206.08
2526.72
0.96
12374.08
45568
4
8.96
24.96
56
400
180
399.04
1054.08
3056
1281.92
3182.08
8241.92
75520
231936
260
3156.48
6485.76
223.04
0.96
260
492
6056576
5980.16
3217344
29116.16
3029824
3969.28
1139.84
268
79840
989.12
1459.84
4
12
112
323.04
175872
304
39.04
25.92
388
136.96
599.04
4858.88
40224
6793.92
26410.88
264704
25781.12
1118
114176
352
6464
5662.08
5485.12
9.12
7.2
8.16
6623.04
9314.88
22.08
6704.96
6286.08
5557.12
12.96
5592
18
42
204
438.08
6671.04
6760
12
15.04
15.04
108.96
94.08
26
166.08
108.16
808.96
631.04
28.16
197.12
4
113.28
16
23.04
28
52.96
44
168
117.12
586.24
423.04
5557.12
6
1795.84
2561.28
7184
112.96
124.96
135.04
216.96
259.04
218
383.04
377.92
960
624
45.12
222.72
4
115.2
132.96
151.04
224
252.96
228
416.96
269.12
801.28
588.16
5706.88
5512
144.96
136
179.84
215.04
591.36
176
231.68
155.04
142
368.64
6396.16
7632
1953.28
5922.88
1140.96
10256
236.96
1075.84
836.96
151.04
780.8
237.12
204
239.04
417.28
174.08
432
1696
4595.2
200.96
5376.96
1052.16
183.04
5254.08
5957.12
6142.08
5453.12
5526.08
5267.84
5228.16
10.88
31159.04
168064
151008
155376
199368
53111.04
31507.84
316
0.96
2946112
165632
25981.12
5722.88
14979.84
28422.08
159104
17.92
22961.04
111189.76
161920
8225024
1757.04
10.24
16416
1413.12
57088
1422.96
4946.88
10307.84
1423.92
91152
3104.16
172288
274320
6029952
28256
1411584
3005248
99.84
111200
680
3079.92
130
762
44066.88
230.08
375.04
2390.08
3128.96
16504
682
30408
247.04
248
134784
576528
16232
13651.2
32.96
30.08
2475.04
84
25.92
7.04
78
18.88
12.96
13537.28
16
36
3595.04
8.96
974
9.92
18
8.96
16.96
58
9.92
157696
104902.4
8.96
984.96
956.96
266880
424
400
1968.96
16456
12.96
1319.04
2196.96
8
127.04
124.96
568
564.96
584.96
3108
584
0.96
876.96
0.96
587.04
416.96
24896
2684800
73783.04
510.08
284.96
284.96
2504
276.96
436.96
278.08
1235.04
280.96
72936.96
39.04
74
16.96
534
16.96
16
247.04
289.92
33.92
17.92
9.92
17.92
292.96
32192
420
70562.56
235760
38.08
4.96
42.88
431.04
4.96
155840
23.04
1010
154208
153152
152192
1504
520.96
424
415.04
286.08
196.96
496
499.04
1134.4
311.04
1008
14707.2
25825.6
35980.8
1000
13460.48
1102
16814.4
1726992
504.96
608
514
862
486
498
1065.92
1200.96
1344.96
1602.88
1792
1806.08
1065.92
1036.16
957.12
1239.04
842.88
995.84
1160.96
818.88
853.12
65844.48
5.12
5.12
5.12
5.12
5.12
5.12
1122
590.08
112
128.96
128
240.96
280
168.96
150.08
415.04
352.96
824.96
647.68
177.92
344.96
311.04
350.72
896
199.04
540.16
1205.76
4687.36
103.04
278240
100.96
84
232
378656
390080
377216
376352
16440
2062.08
4096
175.04
248
255.04
304.08
23238.08
151.76
218.88
364
8.96
0.96
1.92
5.12
24
342.72
0.96
1.92
5.12
10.24
222.88
269.12
142
157.92
208
134.08
146.88
2253840
491.52
953.6
24.96
60.96
239360
88.96
200.96
209.28
346.88
2839744
1526272
40209.6
120
113.92
19.04
62.08
558080
500
598
504
854
487.04
494
1047.04
1194.88
1296
1464.96
1729.92
1838.08
1093.12
1041.92
1006.08
1267.84
818.88
978.88
1192.96
839.04
828.16
1791.04
5.6
131.04
120.96
118.72
124.96
72.96
63.04
78
66.88
6.08
2
248.96
286
306
414
254
260.96
1149.12
1239.04
1711.04
1670.08
2182.08
2314.88
1074.88
979.84
818.88
1249.92
803.84
986.88
1128.96
728.96
672.96
425344
428096
68.96
72.96
71.04
56
63.04
54
64.96
4
8.96
24.96
56
367.04
164
416.96
1037.12
2581.76
855.04
2684.16
9085.44
4348.16
835.2
10293.76
311.92
25.92
60.96
93.12
144
142.08
373.76
346.88
889.6
10.24
2570.24
35.04
61.12
12
124.88
423008
426656
140.8
154.24
271.36
140
129.92
112.96
126
135.04
204.96
241.92
167.04
163.04
280
422.08
391.04
800
590.08
182.08
250.24
1646.08
216
312.32
2993.92
688.64
188
460.16
1619.2
3719.68
166.88
177.28
142.08
143.04
258.56
678.4
6435.84
116
126.08
452.8
2965.12
0.96
35196.16
1614.08
2369.92
6.08
6344064
2961216
3017088
282
296
320
428
255.04
263.04
958.08
1152
1669.12
2000
2256
2208
1093.12
968
802.88
913.92
783.04
956.16
1153.92
736
652.16
150400
586
712.96
579.04
996.96
571.04
568.96
1024
50.88
1184
1176.96
1393.92
1394.88
1368
1400.96
1177.92
1535.04
927.04
1050.88
1232
1230.08
1111.04
343.04
408
348
547.04
384.96
391.04
757.12
707.84
896
839.04
1054.08
1038.08
1002.88
985.92
925.12
1001.92
720
830.08
1005.12
1020.16
903.04
346
396.96
363.04
552.96
384.96
392.96
743.04
704
851.84
808
1087.04
1053.12
1022.08
1018.88
930.88
1030.08
696
781.12
975.04
1016.96
905.92
730
867.04
700.96
1278
848.96
848
1001.92
1063.04
1150.08
1130.88
1409.92
1362.88
1281.92
1376
1212.16
1699.84
1098.88
1238.08
1521.92
1424.96
1356.16
10.24
1369600
712.96
870
692.96
1256
834
840.96
1033.92
1110.08
1197.12
1193.92
1394.88
69.12
7.04
1376
1165.12
1727.04
1123.84
1305.92
1477.12
1424
1372.16
2564400
1400
1208.96
6523904
114112
23.04
20.96
23.04
19.2
20
1576512
224400
6264.96
15320.96
2968
13879.04
10633.92
15173.12
2795008
85926.4
504.96
574.08
518.08
576.96
544
616
502.08
615.04
704
1272
512.96
525.12
549.12
522.88
712
15363.84
113984
444446.72
3.04
30327.04
3.2
3.04
1.92
132
4.08
5048
14014.08
15928.96
184
213.12
3.04
220.16
521760
237.12
5418.88
5653.12
1395.04
5656.96
5637.76
5632
5630.08
5624.96
284320
5649.28
268160
262176
262048
262144
24
5616
5626.24
4123.04
1296
501.12
581.12
525.12
578.88
540.16
601.92
517.12
616.96
704.96
1260.16
512
525.12
545.92
518.08
713.92
5632
5621.76
5635.84
7187.2
7137.28
7136
7137.28
7148.16
924.16
1047.04
969.92
1048.96
1168
1126.08
1026.88
1254.08
994.88
1674.88
1040
1071.04
1181.12
1293.12
1080
7134
88
91.04
1062.4
678.08
121.92
356
327.04
279040
421984
130816
254.08
162.96
1732224
1696000
287936
35.04
1067.04
560
8
7.04
19.04
5871.04
96.96
580
223.04
4
3.04
4
288
3.04
3.84
227.84
120.96
3.04
161.92
5.12
2584.96
8
8
0.96
592
7594.88
172
7523.84
156
7486.08
147.04
7552
7527.04
4051712
0.96
2417.92
2580
1752
108160
1072.96
6412160
2880256
3025984
2922112
401.6
36.8
185120
164
32672
7.04
159488
132704
27.04
89.6
6327.04
160.96
184
151.04
172
591.04
121264
14489.6
496.64
7.04
481.28
568.32
482.56
469.76
305.76
386.88
374.4
6599.04
41561.6
1360896
5889.92
5890.88
200448
4098560
3804160
1304064
1719808
2761472
8
4
16
4.96
3.04
3.04
16.96
22
2570496
4
2563328
18
24
15.04
2
24.96
5312000
7.04
32
107805.44
124280
154880
182528
75205.12
755840
31961.6
276320
75457.28
5988992
3000512
6.4
3030848
7.04
30803.2
209344
10.24
592.96
880
7.04
2591856
22215.68
6.08
219520
8
592.96
12537.6
12520.96
12524.8
12523.52
12522.24
12524.8
12523.52
592.96
12528.64
592.96
591.04
592.96
9.92
152768
4
5.12
591.04
3836.16
18494.08
151360
943744
1731584
151552
1303808
1741568
5.12
592
18919.68
588
5.12
5.12
270144
5.76
267680
954
230656
262656
90297.6
564.96
587.04
8.96
5.12
71.04
7.04
379.04
474
690304
376
584.96
352
236.96
255.04
396
584.96
1199.04
608
6.08
848.96
443.04
358
1236
367.04
375.04
364
9.92
348.96
1006
4
359.04
1.92
16675.2
363.04
3.04
3.04
3566.08
364
3.04
1.92
307.04
1.92
4108
4
368.96
1.92
1.92
376
1.92
2395.04
1.92
11.52
243.04
291.04
6.4
6.4
6.4
4.96
1.92
228
2394
1176.96
1.92
3.04
2063.04
884
2496.96
4086.08
9.92
252
368
372
15.04
4121.92
340.96
364
358
4105.92
1176.96
360.96
379.04
356.96
870
255.04
690
360
375.04
355.04
9.92
3249.92
2355.04
344
59.04
346
235.04
52
2336.96
884.96
11.04
7.04
51.04
4113.92
2356.96
9.92
1731.04
47.04
883.04
872.96
20.96
54.08
60
8
9.92
11.04
2336.96
54.08
1972
1091.04
883.04
2356
1768
2960384
1748.96
880
2948.96
1179.04
1752.96
3214.08
3180
871.04
2324
5.12
3.84
6.4
6.4
6481152
414.72
3594240
128
148
140.96
13864.96
32378.24
42629.76
151488
1742208
1306496
372.96
387.04
2544144
1741056
1508992
13287.68
7568
7495.04
7484.8
7610.24
42.88
44.16
892
7578.24
1796
44.8
42.88
49.28
44.8
44.8
656
1676.16
93949.44
96147.2
137728
13250.56
873.92
1743.04
2895.04
6021248
3021504
1968192
4048.96
1156.96
1742.08
2043.04
878.08
543.04
936
484
1011.04
4
16
48
44.96
2020
2044.96
151296
1751.04
4076
1600.96
609.92
2040
1175.04
1168.96
2042
583.04
1179.04
0.96
3.04
1179.04
1171.04
34
3520.96
12
2315.04
14.08
1463.04
3495.04
12
12
12
2923.04
2035.04
76.16
2212.96
3044.96
108.96
19.2
84288
3.04
144000
131072
122145.28
10.24
6.08
5376.96
135.04
5880.96
423488
3.04
164864
1711232
193.92
116.48
1739776
228
240.96
258
288
312
3513.92
1501.12
7278.08
2348.96
260
291.04
2047.04
2430.08
94.72
3720
3504
408
112
71.04
719.04
70.08
433824
3.04
101.12
33.28
127536.64
97.92
3813.12
172
195.04
174.08
1308.96
55.04
74.88
383.04
856.96
128
3518.08
3514.88
76.16
41.92
1813.12
137088
32
32
4332.16
31.04
15.04
0.96
16.96
1241.92
14.08
15.04
4142
15.04
6109.12
6911.04
232.96
4557.12
5289.92
3760.96
125967.36
0.96
680
6663.04
6995.84
1140
6677.12
233.92
174.08
6984.96
5903.04
7029.12
71.04
516.96
1668
4402.88
1.92
998.08
553.92
630.08
1.92
1.92
1175.04
7594.24
51.84
852
367.04
15.04
2
2
2
0.96
0.96
0.96
0.96
3.04
0.96
287.04
320.96
647.68
314.88
312
108.96
107.04
35.04
162.88
778.88
822.08
108
36
160
32
64
62.08
6
14
8.96
17.92
101.12
64.96
218.88
312
320
176.64
395.52
316.96
222.08
312.96
179.84
177.28
545.28
14126.72
113.92
16
14113.92
263360
7.04
60
5991040
128016
10.24
216832
2750016
58080
6636.96
24
6595.92
218
190
11.04
219.04
2
200.96
12096.96
440.32
1395.04
1088
3.04
3153.92
6
855.04
2044.96
121697.28
647.04
0.96
8880
2538
1528320
3955.04
975.04
808
179.04
108
134.08
634
2
964
896
1711.04
2
2564352
11222.08
10.24
2
532
536
1700
16
0.96
3.04
1471.04
1732.96
3.04
8
7.04
2111.04
2
81.92
15.04
0.96
539.04
5.12
1779.84
12
135.04
124.96
364
694.08
2
0.96
9816
124
2
731.04
1015.04
724
2
516.96
689.92
44.96
24
256
124
820
804.96
1703552
28736
1.92
4
74
1359872
86.88
60120
76
0.96
2
102.4
38.4
88.32
1671.68
1.92
761.92
1.92
3.04
8.96
1.92
66.56
145.92
207.36
3955.2
3.84
5.12
6.08
16.96
1587.2
11264
8.96
28.8
51.2
40.96
60
486.08
60
15362.56
56
1034592
7062.08
8.96
7.04
8.96
664
143.04
148
148.96
6.4
156.96
159.04
127.04
155.04
153.92
160.96
158.08
160.96
158.08
152.96
151.04
704.96
314560
144.96
180
179.04
208
216.32
253.44
36
302.08
6745.92
1614
148
3092
5.12
5.12
5.12
5.12
5.12
20.96
2959808
5980416
2992896
3043264
1708.96
8
7040.96
16
3712
8.96
8.96
1449984
120
6924
120.96
2
35.84
160.96
15.04
835.04
108.16
4
114.88
289.92
2068.96
307.2
131.84
6
7039.04
14.08
252.8
2
2747.04
7040.96
10
126.08
125.12
5668
7033.92
462.72
2
20.96
10
6763.04
11.04
83232
10
58
27.04
56.96
24
16229.76
130.88
3496.96
32614.4
6815.04
451.84
6698.88
3377.92
64.96
510.08
6528.96
0.96
8
64832
2750720
1409408
26
56
4
19.04
2576384
9.92
10.24
11.04
28
60
12
0.96
10.88
126
30
31.04
126
578.88
144.96
180
177.92
208.96
218.24
247.04
289.28
15417.92
120.96
144.96
179.04
179.04
206.08
215.04
236.8
28.96
148
30
6.08
10.88
115872
23.04
2
148
15.04
148
294.4
8.96
296.96
236.8
216.96
208
179.04
148
152.96
144.96
5862144
2901952
150.08
2975232
24
299.52
236.8
225.28
211.84
177.92
2807872
148.96
144.96
21.76
9.92
21.12
35.84
16.64
8.96
5.12
1.92
0.96
718
1249.28
721.92
864.96
1008
1022.08
1034.24
15.04
2198
66019.84
271319.04
18
14266.88
11114.24
11110.08
0.96
1732.96
0.96
6636
1850304
1788
21536
668.96
11887.2
249308.16
21.12
48961.92
240.64
480
21.12
21.76
5273.6
8439.04
19.84
19.84
21.12
5016
8
21.12
19.84
19.84
1.92
21.12
638.08
21.12
19.04
8.96
652.96
19.84
1604
1604
484
21.12
5335.04
19.84
748
56898.56
21.12
3670.08
21.12
652.96
37.76
33.28
1761.28
18
325.12
565248
9.92
23.04
408.96
291.84
10.88
56.32
21.76
12.16
1.92
9072.64
2142.72
708.96
950.08
1730
9031.68
3545.92
6993.92
526.08
16401.92
1486
1506
1490
1491.04
1194
1508
401.92
37.12
7379968
1449472
24
130.88
80
13.12
6707.04
4074752
83.04
1438.08
1480.96
2754368
6882560
18903.04
18
1489.92
13.12
5942.08
6780.16
273.28
212.96
1461.12
1761.92
180.96
140.96
164
2488.96
10
854.08
3.04
1589.12
6759.04
3392
5936.96
1634.88
1620864
1536
5948.16
3386.88
6759.04
6968.96
18
1699.04
6830.08
3398.08
5957.12
110.08
3764.96
8.96
6022.08
25.92
3440.96
149.12
6841.92
17.92
19.84
130.88
146.88
442.24
96
24
16.96
129.92
451.2
85.12
95.04
18.88
130.88
134.08
17.92
5948.16
88.96
16.96
16.96
134.08
88.96
83.84
307.84
14.08
17.92
122.88
88.96
90.88
16.96
144.96
144.96
4361.92
7779.84
6887.04
140.16
17.92
82.88
273.92
936.96
522.24
7537.28
3258.88
5712.96
6920
2552.96
5197.12
4054.08
86.08
160.96
23.04
25.92
143.04
310.08
791.04
3478.08
6977.92
14.08
79.04
4.96
6.08
2
0.96
2
13.12
87.04
12.16
79.04
0.96
0.96
15.04
80.96
1.92
38
40
1502.08
1447.04
5.12
10.24
2563840
1.92
1.92
5498.4
1.92
1.92
1.92
1.92
1.92
1635328
427.04
30.08
7.68
42993.92
149256
7.68
6288640
2891200
2998400
2826624
2306
24
145.28
1.92
372
7031.04
3104.96
86160
178944
24
24
30128
24
1271.04
1135.04
82
142
83.04
1167.04
82
209.04
30456
14.08
29184
18
965.12
16.96
37992
51.04
40
157.12
72.96
277.12
566.08
4530.96
5095.68
16.96
166.08
556.96
6788.96
274720
15.04
14361.92
13975.04
1609216
16
2316
1523520
149544
556.96
552.96
80.96
80.96
80
79.04
80
2316
1909760
24
1405.12
96
8.96
7.04
8
8
24
48
40
38.08
36
36.96
6.08
6.08
36
1184.96
3208
2
952
1354.88
6
0.96
4.96
4.96
7.04
6923.04
6.08
678.08
2064
2064.96
16
6.08
5.12
19.04
7121.92
41.92
6.08
6.08
1473.92
2062.08
2067.84
28
209.92
2076.16
0.96
1543.04
2081.92
2346.88
8.96
5.12
4.96
1470.08
2061.12
21.12
1471.04
6.08
6.08
2057.92
79.04
4.96
5.12
8
8.96
18.88
17.92
6305536
576
2877760
79162.88
2559232
1376768
10.24
58848
18
2
58080
7033920
18
2939200
591.04
1715.04
1648.96
1524160
3624.96
516608
515712
4081408
3.84
15.04
1945.92
980416
9.92
14
9888
8.96
4681.92
128.96
133.12
1401.92
199.04
391.04
983.04
1302.08
3534.08
1043.2
27.36
1379.84
7815.04
1942.08
15964.16
3055.04
4404.96
872
116
855.04
2700
2691.04
111.04
264
598
14
3895.04
1091.04
607.04
11072
57.12
243.04
197176
3896.96
384
28910.08
197160.96
1597.44
21729.28
19243.52
20116.48
3660.8
2652.16
2709.76
2497.28
2233.92
737.28
413.44
369.28
270.08
56.96
0.96
0.96
0.96
19799.04
13093.12
387.04
24
2555392
539.04
7149.12
3.04
3.04
24
4109.12
83.04
83.04
992
15634.88
24
1724.96
660992
604744
681.92
3231.04
15.04
57024
24.96
415.04
13378.56
5263.04
631.04
28
7.04
2
9.92
43136
26055.04
2280.96
36.96
285856
276928
38.08
266
979.84
0.96
0.96
10153.92
11743.04
12033.92
12826.88
13470.72
102
57024
36.96
1543640
38.08
606.72
1444608
24
9472
1310
747.04
3247.04
0.96
0.96
0.96
4.96
40
5865.92
0.96
1478400
57184
517416
516648
4388.96
24
62656
223456
223360
210752
443328
450624
221600
38.08
2961344
2834048
5981056
74.88
4147968
4536
36.96
244.96
40
4.96
5562
6132480
36.96
24274.88
2557184
20130.56
3007.04
3308.96
23900.16
44
33.92
59.04
81.92
63.04
0.96
881.92
7.04
25.92
6339.84
57.92
20.96
24.96
874.88
874.24
835.2
2645.76
858.24
13763.2
465.28
997.76
1182.08
49.92
64
40.96
46.08
149.12
257.28
332.16
231.04
80.96
36
227.84
39.04
984.96
1040
224
252.96
252
1290.24
32
221.12
775.04
705.92
588.8
597.12
723.2
611.2
730.24
769.28
311.04
288
124
8
42
328.96
8373.76
1886.08
28.96
2232.96
1467.04
2029.12
5941.12
4774.4
13376
1465.92
11594.24
31185.92
822.08
123095.04
120965.12
2396.16
2407.04
102
2354.88
1464.96
2277.12
32
2616
1454.08
2399.04
31.04
2986112
1470.08
2309.12
2238.08
28.96
200.96
360.96
2362.88
1086.08
1000
2759616
2343.68
2281.92
4620.8
410.24
18822.4
30489.6
24149.76
37812.48
33061.12
32464.64
14896.64
23038.72
3230656
461776
1373288
98
331.52
322.56
259.84
295.68
143.36
249.6
149.76
136.96
299.52
312.32
156.16
148.48
171.52
156.16
293.12
156.16
334.08
129.28
176.64
410.88
286.72
326.4
34816
6538496
57184
1670400
1362432
0.96
4166
45885.44
5968128
19.04
2970112
2799552
1456.96
8403.84
2142.08
5306.88
17.92
22.08
126.08
8.96
405.76
44
286.08
725.12
0.96
0.96
14392.96
14344.96
112.96
64.96
14320
14316.8
14284.8
76
120
103.04
62.08
515.2
2
4942.72
3.04
51.04
57336
3.04
3.04
252.96
3.84
1110.08
3.04
1709.12
327.04
586.88
38.08
514.88
3976
323.04
232
288
211.04
342.08
106
3.04
207.04
118.08
192.96
3.04
212
156.96
345.92
328704
770
3.04
252.96
51.04
2620.16
3420.8
0.96
53.76
3203.04
15.04
2
1.92
4.96
16
4.96
2171.04
4.96
24640
2
47.36
2180
4.96
1.92
39252.48
32439.04
32290.56
1672.96
27001.6
496.64
41579.52
47549.44
46649.6
45438.72
105149.44
28166.4
35339.52
32862.72
39822.08
21015.04
23015.68
27528.96
36395.52
30785.28
93414.4
21352.96
18886.4
35212.8
34327.04
32855.04
33920
46794.24
0.96
40523.52
21461.76
34105.6
36369.92
40569.6
37542.4
40349.44
38268.16
35095.04
58624
24112.64
41386.24
38603.52
38073.6
30580.48
60029.44
59604.48
6315.52
51856.64
30237.44
6923.52
42155.52
28112.64
37546.24
32047.36
30402.56
55430.4
67417.6
79630.08
25920
38218.24
46282.24
39449.6
68820.48
97136.64
83796.48
72099.84
68176.64
428
74356.48
38858.24
44500.48
34494.72
62639.36
66289.92
69213.44
60524.8
68446.72
42831.36
43909.12
34040.32
89909.76
93529.6
62956.8
58054.4
68880.64
68741.12
65852.16
91440.64
90214.4
82803.2
37159.68
65424.64
79206.4
60016.64
45414.4
63769.6
76876.8
60865.28
55237.12
47825.92
60756.48
55386.88
62462.72
57834.24
18726.4
6
63746.56
76912.64
43234.56
56261.12
58502.4
74283.52
75877.12
74859.52
69521.92
65488.64
85578.24
71943.68
77634.56
102810.88
63820.8
57514.24
85382.4
86544.64
85817.6
81831.68
76102.4
101216
125569.28
70237.44
58745.6
120179.2
104496.64
100881.92
100331.52
328.96
112381.44
491.52
106581.76
109898.24
102215.68
112751.36
112327.68
110489.6
109232.64
1.92
11.04
630.08
11.04
170
48
27.04
99.04
92.96
240
16.96
6287.36
620
189952
2
3896
40.8
122576
1382144
124.16
10.24
120838.4
25648
1219.04
78243.84
40.8
1236.96
3196.8
1420.96
41.92
6260.48
28
17344
52192
222400
82912
312928
85088
214112
724864
44.96
144.96
18776
3015232
23.04
71.68
4536.96
348.16
84.96
2
4532
5994
290
0.96
0.96
0.96
0.96
802.88
0.96
34
328
326.08
7.04
17.28
3.04
84.96
44308.48
16.96
84
7.04
6.08
55713.92
680
8
57207.04
10.24
10.24
52.48
14452.48
12
24
4.96
0.96
8
23.04
102.4
729088
10.24
6453.76
38897.92
24341.76
131584
113950.72
17016.32
8074.24
20399.36
11458.56
10688
87.04
5271.04
21464.32
92564.48
34014.72
115075.84
74.24
31385.6
52107.52
251545.6
9392.96
31680
112.96
555.52
4547.04
8.96
48
468.96
42051.2
8
1352.96
49.92
802
409600
1298.88
800
16
2568704
2566656
5277.44
117995.52
2464512
23208
102672
8.96
0.96
0.96
0.96
24
2.88
0.96
232
201.92
1841280
51.2
1.92
204.8
203.04
16.96
836.96
588
312.96
308
310.08
308
352.96
121.92
50.88
20
792
20
8.96
20.96
2354
22.08
20.96
20.96
0.96
190592
4044.16
11517.44
50.88
15072
26693.12
54689.28
25593.6
10781.44
8784.64
98039.04
18882.56
22042.88
125282.56
122042.88
20
1006.08
1697024
311.04
202.88
310.08
202.88
681.92
202.88
438.08
1122.88
204.16
205.12
678.08
732
288
110.08
34
200
200
213.12
0.96
217.92
341637.12
1294.08
1548.96
3412.96
1644.96
2182656
0.96
92.16
0.96
0.96
0.96
0.96
8.96
8783872
10.24
616
3024.96
1169.92
495843.84
16
2547.04
2560.96
1583.04
1620
2056.96
3667.04
7272.96
327360
2572
2456
1995.04
1540
1638.08
1219.04
468
452
921.92
1984
1655.04
1188
3185.92
2739.04
2527.04
6516736
1370880
4064512
12
65.28
28.96
63.04
131.84
64
67.2
60.96
17.92
60.96
1.92
1.92
96
141.12
96
302.72
270.08
96
3.84
2567424
48.64
23.04
1703552
91.2
3.84
83.2
412.16
38.08
152
26654.4
7551.04
870.4
5753.6
345344
94506.24
49902.4
4.96
1090560
302560
0.96
394.88
151.04
606.08
193.92
6
90910.72
14
223488
171.04
346240
18778.88
127134.72
41443.84
16
1185464
1180608
20
15.04
8994.56
398160
1425792
48299.52
16.96
47269.12
45616.64
16.96
16
4669.44
16
2302208
16.96
200448
16.96
16
16
2
8.96
23.04
23.04
4
23.04
10.24
93.12
4
4.96
4.96
4
392.96
1075.84
3367808
6524160
4081920
24
23.04
24
23.04
23.04
24
23.04
24
4
23.04
3370112
71.04
71.04
74
70
63424
100256
71.04
0.96
1.92
4.96
72
4.96
4.96
4.96
4
4.96
4.96
4.96
4.96
6
1.92
1.92
1.92
4.96
4.96
4
130
7.04
6
4
4.96
80
10.24
381.44
2567680
14
8.96
10
8.96
12.96
80.96
2
174.08
4
4.96
2
6
103904
89440
2
2
2
2
4
3.84
2
0.96
332.16
330.88
38421.76
296.96
3.04
238
2193.6
1378560
200
2
2
1163.04
67694.4
2
564096
56832
131.04
60080.64
18279.04
335.36
205351.2
43475.2
3.04
14376
3890
4947.04
6040.96
130
7252
2906
1892.96
899.04
34304
287776
19952
700
54352
193.92
2
10.88
2
4318
2748.16
0.96
2
2150.08
164992
28611.84
2.88
19713.28
23482.88
2280.96
284.8
283.04
566.08
2393.92
31.04
31.04
31.04
31.04
30
62
62
62
62
62
563.84
132
131.04
132
131.04
132
283.04
283.04
281.92
267.04
560.96
588.16
563.84
560.96
563.84
128.96
2140160
450688
42816
35312
509.12
485.12
240.96
702
1532
7084
7610
4014336
1146480
5372
2
12.16
3.04
291.84
29640
1430.08
5952
141.12
2076240
138.88
138.88
1348
18424
430272
1953.92
30
11633.92
43594.24
30
30
28.96
60
59.04
60
60
4168960
60
124.96
124.96
124
124
124
267.04
268
1209.92
0.96
0.96
268
505.92
533.12
531.84
533.12
601.92
1039.36
3.04
2578944
22.96
554176
24511.2
257664
5290.24
58.88
364544
10.24
2589952
1360896
740352
1.92
8.96
226
4
7787.04
23.04
369664
5786.88
140.96
235.52
4.96
957.44
128.96
576
367616
367232
1.92
10
5.76
1404.16
65.92
5784.32
1408.96
959232
15.04
150
12.96
14
12.96
12
14
112
12.96
12.96
6
18
20
12.96
90
11.04
6
12
10.24
12.96
108.96
12
10
8
132.96
12
11.04
4
7.04
7.04
798
9.92
1235.04
412
412.96
412.96
426
408.96
52133.76
50112
202
655.04
660
624.96
575.04
552.96
356
68
327.04
51212.16
50241.28
51802.88
50382.72
96.96
363520
365568
365824
364928
324.96
71.04
324
328.96
324
204
201.92
3808
348416
204.96
77233.92
206.08
204.96
587.04
204.96
377.92
44.96
390.08
204.96
212
208.96
201.92
250.88
284
1838.08
1679.36
1955136
1397.12
1401.92
44544
35.2
250.88
11394.56
6518272
0.96
2030080
0.96
59975.04
3950.08
4613.12
10968.32
23708.16
8536
204
2728.96
1220
1215.04
435.04
9040
55912
31494.08
313.92
6
375.04
75264
22
1543200
981648
1000
376
3832.96
375.04
10.24
2565376
400.96
21.12
4087.04
6536.96
2884.96
1339.04
4265984
43905.6
71232
4
53.12
163584
204.96
406000
57360
9320
719.04
5.76
170608.64
3041.28
2868
44864
148.96
153.92
0.96
412.96
1193984
7.2
113.92
11.04
24.96
12
86016
64
31.04
375296
5.12
416.96
135.04
444160
4
368768
244.96
1929.92
2472.96
84080
154
128.96
1130.88
152.96
514.88
153.92
0.96
462.08
2009280
6.08
3445760
458.88
2249.92
154.24
311.04
792
345152
161.28
132346.88
16.96
103.68
43536
6692.96
11970.24
12564.96
13112.16
13848.96
16.96
7499.04
142.08
2
85968
86016
85536
85920
85968
95.04
85392
2619.04
72
73.92
1737848
25904
123.04
16.96
74
113379.84
401408
72
16.96
1.92
36032
0.96
10
43.04
0.96
52.96
0.96
72
145440
36.96
1727.04
36.96
235.04
1438
229.12
36.96
1420
1080
1401.92
1430
1336.96
2068
6
256.96
1408
1412.96
2
4
1398
4
74880
102464
370816
5376.96
316256
25744
41.92
5485.12
42.88
5.12
13882.08
16092.96
574
29676.16
4
4
38
345312
4066816
10.24
1359616
360448
364032
358912
53843.2
1703936
588.96
344.96
278
163.04
12852
0.96
2
32
168.96
153.92
347.04
905.92
0.96
222.08
220.96
582
684.96
3.04
318.08
2250.24
382.08
1016
2912
321.92
325.12
430.08
425.92
220
206.08
215.04
391.04
105216
233856
234496
234496
235008
2187.04
364672
369664
368896
2191.04
1980.96
43584
288.96
6
286
287.04
147.04
287.04
367.04
316.96
623.04
274.88
342.08
768.96
1480
127.12
572.8
151.04
3424
6988.16
1032
2304
34
76
70
151.04
1624.96
135552
376.96
72
151.04
288
378
319.04
616.96
274.88
354.88
802.88
1432.96
988.96
2082.88
34
72
70
150.08
586
687.04
319.04
72.96
79.04
72
72.96
620.96
150
288
384
318.08
620
280.96
336.96
935.04
1468.16
119.84
565.12
145.28
3692.8
5928.96
952
2098.88
32.96
72.96
71.04
150.08
1697.92
1184
3897.6
4810.24
4316.16
1829.12
10.24
563.84
1154.56
76
150
290
392.96
323.04
641.92
281.92
353.92
717.12
1493.12
1.12
574.72
1.92
1736.96
3512.96
5185.92
956
2213.12
34
76
71.04
155.04
1731.84
1208.32
4134.4
4280.32
10.24
2567.68
280
60.16
46.08
280
280
9.92
24
3.04
10.88
4
3.04
3.04
24
4
56928
71541.76
26.88
0.96
141.12
1955280
24
9.92
40922.24
9.92
1274368
177.92
243968
73792
401.92
10.24
6848256
10.24
8289024
62035.2
156.96
164.96
223.04
34
53365.76
151.04
34
156.16
4081664
157.12
207.04
169.92
173.12
178.88
1951552
184.96
201.92
112
116
116
116.96
47.04
124
120.96
128
132.96
140.96
24639.84
1349600
2652.96
16.96
41594.88
14
6.96
3225.12
1072128
3846
350.72
5946.96
109032
32944.8
0.96
28
28
30.08
33.92
35.04
430.08
32.96
32
32
2664.96
33.92
37.12
16
46.08
1694.72
148316.16
30.72
30.72
30.72
33.28
206
35.84
39.04
44.8
55.04
2682.24
2556
51.84
7.04
106
22
15.04
144
1745.92
22
24360
3.2
129.92
16
12
24
16
34
32.96
824.32
2.88
454416
32.96
34
34
70944
8
35.04
30
2748672
1523.04
512456
3956.96
7.84
232.96
108
208
176
7.84
165.12
3427.84
111.2
10515.84
4046.88
10.24
14003.84
1289728
2930176
9152
1068.96
4404.96
5424.96
6436.96
7504.96
8960
1446
2420
3416
1000.08
26704
17049.92
13058.88
19864
42.88
399.04
12192.96
279.04
161.92
148.96
11488
7050
161.92
710.08
1442.88
334.08
2887.04
152
290
390
321.92
640.96
162.88
338.88
728
1439.04
2.24
357.12
1.92
1861.12
3552
5841.92
974.08
2249.92
34
76
71.04
153.92
1617.28
810.24
4075.52
4449.28
4828.16
1994.24
19.04
64344
84064
4251600
44.96
46928
60.96
44.96
28.96
48
76
63.04
618
1.92
3890
2152.96
795.04
11336
16584
26048
38248
739.84
4587008
4716
519.04
1735.04
5.12
764.16
739.84
5239.04
721.92
4402
6454
7556.96
9048
728.96
1434.88
1436.16
1418.88
11352
795.04
1438.08
16746.88
6490
166064
1416.96
1421.12
1420.16
1432.96
207.04
360.96
361.92
204
364
320
368.96
440
347.04
376
381.12
1592.96
24
23.04
1628.16
23.04
23.04
1427.84
23.04
1425.92
24
1423.04
1429.12
1427.84
1418.88
1429.12
1433.92
1407.04
373760
361472
361344
362752
368640
361984
367360
368128
361344
400.96
370.88
373.12
18230.08
8871.68
24067.2
0.96
0.96
201.92
208.96
204.16
202.88
3.2
208.96
3.2
1.28
204.16
33.92
44.16
30.08
32
23.04
92.16
138.24
0.96
0.96
179.2
163.2
1.92
34.88
2558.08
572
2688
736.96
182.08
23.04
4
372
1947072
132352
42519.04
4185088
6159.36
1389056
210688
129984
187712
142848
187072
1837416
15.12
7.2
0.96
19237.92
18024
21290.88
0.96
7.2
7.2
0.96
0.96
0.96
131.04
12.8
7.04
6995.04
20.96
1720960
267456
374528
365696
361088
368384
32285.44
2686
144992
19089.92
143.04
34
0.96
142.08
28
153408
13729.92
0.96
0.96
17141.76
16485.12
10.24
0.96
1120
13840
4.96
1413.12
0.96
0.96
0.96
0.96
0.96
1740
459616
120960
18
2.4
59.04
21962.88
742000
13848
2921984
6
299.52
4.96
2995.04
60.96
7.04
158.08
16
4.96
32.96
1.92
56
1.92
3588
58
56
3399680
7.04
128
128.96
4
128
128
2
128
316.96
316.96
0.96
316.96
316.96
31.04
2
316.96
912.96
17824
26224
228032
457472
4.96
4.96
4
2
2020.96
171.04
4998.08
534400
98
96.96
4.96
56
98
56
56
76439.2
56
98.88
127.04
4735.04
97.92
2
162
4.96
128
127.04
8.96
2
318
8.96
4760.96
158.08
316
2
9504.96
316.96
0.96
316.96
316.96
928
8.96
0.96
103.04
0.96
8.96
6.96
2867.04
47104
98.88
83.84
275.84
66584
4
8.96
2.4
7.68
3.2
246.08
1.92
14347.04
514.88
4614
284
66360
449.92
1033.92
564.96
1157912
1533.28
20720
45758.16
6750.08
122384
22
30
22
2872.96
27.04
20881.92
4.96
0.96
0.96
24
24
279.04
23.04
11008
11.04
124
514
1632
24
4767.04
56.96
27.04
1.28
5.12
4426.88
654
291.04
24.96
1641.92
44
59.04
371.04
24.96
26
26
35.04
6020
23.04
24.96
26
27.04
28.96
24
24
26
27.04
31.04
44.96
3489.92
59.04
56
124128
1176960
24.96
58
288
648
24
1586
4654.08
10908.16
5062
207.04
1.28
5.12
775.04
251.04
523.04
28
28
2
3354624
2
2
2
1472640
1307264
408
440576
410
4850
408.96
106336
446
260.96
271.04
772
395.04
206
963.04
0.96
132864
236.96
1739.92
0.96
316
1549152
84.96
3.84
5.12
5.12
3.84
1028544
1031456
34.88
40.96
131968
147648
21772.8
18645.12
10.24
10.24
438784
26684.8
54301.44
106536.96
20.48
518784
1400
144
143.04
296.96
456032
1030624
1031040
141.12
147.84
144
48
146.88
48
145.92
10.24
47.04
48
40.96
311968
2560256
6896640
794304
9.6
106592
1407232
2018968
10.24
10.24
2128896
11.2
4.8
10.24
1149904
2
3313664
2117120
353256
2707200
4088576
3036928
1947136
1671.04
0.96
5.12
5.12
5.12
79.04
5.12
1638.08
87.04
3.84
59.04
5.12
74.88
50.96
5.12
450008
10.24
3.84
11.04
14.08
2334.72
1729952
337.92
69.12
2224.8
4.8
52.08
3320576
10.24
58.24
6.4
4.8
10.24
1367808
1590.08
577280
6.4
85.12
403712
13.92
11.04
1755656
10.24
1689.92
3302880
2
4866
0.96
34
10.24
3668992
66.56
12.8
12.8
97.28
29900.8
50056.96
49992.96
847872
2236.96
190704
482656
1752832
2875648
156
222480
28
303472.64
2564096
3099392
3324928
3520.8
16
8512
104
3348480
372608
18593.92
1943088
1675128
430080
516800
149040
16
1.92
2560768
184448
2.4
2.4
2.4
2.4
1.92
2.4
1.92
96736
97344
1026240
32.96
137.92
54784
58080
258816
403392
406144
413760
133568
246400
9952
6155.52
23.04
19910.4
961.6
1027168
1027808
1026304
1028096
1029728
1027488
1029408
1027808
38.08
1029472
1028480
1030144
1017760
996800
866624
1029088
996352
1029152
964896
0.96
95335.68
167936
257.92
201.92
43.04
244320
94874.88
27.04
38
24
417216
422720
24
2
2
38
2289.28
223.04
843.04
24.96
2
43.04
631232
240640
24
807.04
2798
7.04
39160.32
29894.4
15.04
32947.2
9.92
23.04
23.04
534
92
10.88
0.96
32.96
0.96
0.96
0.96
0.96
456328
2
191648
34
14688
24.96
26
26
8.96
28.96
24
24
27.04
28
31.04
43.04
1379.04
1426
2011.04
1522
1328
1362
1434
1402
1488.96
1435.04
3627.04
12.16
250144
89952
1424832
1871872
8.96
7.04
6.08
31.04
2
7.04
66
64.96
6.08
382.08
188
74
10412
1.92
8128
191.04
1.92
12636
12016
12809.2
1.92
14463.84
5.12
13922.16
18583.04
29072
0.96
240.96
7563.04
9289.92
11178
10799.04
10567.2
13410.24
13988.8
15617.28
24612.48
33715.2
59873.28
115.04
123.04
133.12
133.12
170.24
360.96
141088
7.04
7.04
8
8
7.04
7.04
7.04
6
7.04
6
6
1229.76
320.96
1710336
7.04
8
29.44
514.56
468.48
344192
8.96
40192
6
36.96
66688
3.04
4632.96
798
4718.08
313728
222.08
220
4715.04
10.24
10.24
418.88
1776512
1025696
1026880
1027744
486080
38612
605600
94.72
4067328
103.2
2551552
28028.16
325152
3392768
4.96
84.96
28
1963472
1758344
96
392.96
1887.04
291920
1482
10.24
2828.96
8.96
8.96
2847104
6.8
7.04
6
220.16
6
1268
284
0.96
6
76007.68
197846.4
42.8
7.04
234.88
175.04
6
4188
234.88
4864
28.96
44880
0.96
7.04
7.04
0.96
543232
7.04
12304
36
12.8
659968
1442
7.04
7483.04
368
27.04
32
1403.04
1483.04
214
90
252
3447040
31.04
3444720
250
31.04
256
250
31.04
32
523.04
31.04
574.08
95584
32.96
32
31.04
31.04
7.04
31.04
30
31.04
31.04
31.04
31.04
31.04
31.04
31.04
256.96
20.16
5230.08
3894272
4117248
30
4286.08
30
31.04
495072
4284
108640
116
116.96
1295.04
459.04
2083.04
4457.92
411008
160.96
8501.12
296
19234.56
1210
39326.72
9017.92
472192
16430.08
243.84
388
184.96
36705.28
316
4524.96
32
7.04
1445680
31.04
2104
30
30
31.04
32
1044
32
28
1484
1404.96
24
7113.6
190
508.96
201728
24.96
22855.04
1853760
251.04
26
20.96
20.96
31.04
4
4
28
4
27.04
4
2028.16
4
16
57184
32.96
25040
32.96
32.96
34
32.96
120.96
32.96
120.96
96.96
139.04
99.04
108.96
102
1.92
172
927296
8742.08
1584
5422
4283.04
60.96
70
259.04
524.96
437056
19776
27.04
194304
38
1851.04
824
0.96
0.96
8054.08
18
18.88
1226
32.96
4313.92
11.04
11.04
10
10
3911.04
1372.96
7190
3871.04
17232
107424
90823.68
27345.92
21827.84
208
16222.72
20254.08
0.96
16346.88
2551552
3882752
62
64
315.04
42
42
75.04
42
94208
3267120
39.04
39.04
56
64
63.04
0.96
0.96
241.92
184.96
72.96
368
91.04
1233456
656.96
316
268
86005.76
676224
596288
622848
787584
7104
657.92
112.64
8
32.96
32.96
32.96
32.96
5416.96
32.96
32.96
6072
32.96
32.96
34
32.96
31.04
31.04
13944
31.04
32
19407.04
32
32
31.04
32
32
32
0.96
54496
32
31.04
166
1765184
17384
20808
24272
27608
10488
7048
3598
1447.04
13928
1492.96
13588.96
1502
572
307.2
71440
14
250
516
2
1046
13671.04
4.96
515912
2156.96
6
23.04
4
4657.92
4.96
27704
137360
4.96
24288
20832
17384
13936
10488
7044
33.28
10442.88
44.96
25742.08
4.96
20.96
63.04
42
55.04
63.04
63.04
64
5132.96
63.04
56957.44
34.56
12.96
3082.24
629.12
73216
43.04
0.96
142
146
142
43.04
241024
37.12
43.04
38.08
45.12
45.12
149350.4
0.96
0.96
4672.96
10288
17864
32.96
30528
48640
179.2
76904
86400
86400
160
343296
43.52
167424
195.04
224
5.6
341.76
544
560.96
69568
193.92
183.04
276.48
404.48
256
202.88
1013.76
27.2
176
159.04
154
171.04
332
332
320.96
187.04
5.6
0.96
474
283.04
194
155.04
215.04
872.96
71.04
10
4.96
8.96
6
12
10
10
8.96
8
169.92
4680
8.96
10
11.04
10
8.96
1358336
4632
940736
8.96
2
2
2
4836
0.96
12.96
12.96
11.04
11.04
8.96
327680
5640
5928
2859.04
3004.96
2866
2546688
3875840
1502.08
471808
7791360
481088
1361152
4076800
2554624
37472
1026784
32
151705.6
191191.04
40.96
88.96
3.04
974464
1027200
1026112
1027904
1008672
3.04
1028864
4
1014976
331072
1029536
1035360
1029440
1016960
1009184
2
2238
3933600
2231.04
108720
650560
565568
784704
670592
64576
359.04
7.04
0.96
43.04
0.96
360
8.96
356.96
24
20.96
20.96
25744
248.32
285440
7.04
7.04
167.04
491.04
277.76
14
8.96
521728
7.2
10.24
0.96
2
3.04
0.96
71120
106
2334.08
106
132
109280
8.96
34
8.96
287.04
110160
8.96
6411.52
8.96
13.12
8752
0.96
12.16
24.96
0.96
60.16
0.96
40
28.16
30.08
50.88
102.08
0.96
564.96
528
475904
324.96
264.96
259.04
457064
516
366
294
211.04
25728
104.96
16
1473.92
11.04
14
1621.76
2
14
14
14
328.96
24
781376
14
26
130
538
1497.92
462
280.96
468.96
555.04
462
470
464
468.96
460.96
1036032
468
25648
104.96
868.96
7134.08
34438.4
95.04
627.04
604
604.96
1171.04
2868.96
5830
632.96
708.96
108535.04
24675.84
55136
23809.28
48081.92
105728
5573888
24908.16
53216
23905.92
48060.8
106816
123942.4
734.08
66
106440
149320
149920
106640
51.2
475680
428032
3647760
13608
3180480
2555136
27.04
164.96
13744
2
3.04
30672
64672
2
2
2
47.04
30
38920
2503.68
28.96
163.04
28.96
1916.16
8874.24
274944
29632
1179904
392.96
412.96
1607312
471.04
476.96
515960
2832368
902688
212224
93073.92
164320
149824
140768
16039.2
32
32.96
12860
9706
7300
490
1223.04
466
918400
389416.96
17472
233717.76
94
2737920
92.96
12
160.96
194
431648
415104
1029184
1030592
1030688
0.96
98
120
97200
89226.24
108.96
108
108.96
4992
108.96
108.96
58850.4
108.96
427.04
113624.32
670
904.96
1367.04
2388.96
1536
2479.04
4466
4804
9360
24503.04
51392
23704.32
47000.32
104320
16.96
28.96
27.2
2083.2
11572.8
291.04
49696
568832
967800
104.96
305.92
67872
840
35.04
46
870.08
2
113.92
0.96
10865.6
0.96
0.96
516
0.96
8.96
5.12
5.12
4
344.96
8.96
175.04
5.12
5.12
5.12
65094.4
6
13847.04
11943.2
13743.36
2392.96
2392
3441.92
2.88
3303.04
18449.92
430208
2
0.96
1031328
93948
1735552
3072
3052.16
3048.96
20206.08
1166336
6248.96
6238.08
6226.88
6226.88
6233.92
6227.84
6229.12
6238.08
2714880
909824
1028896
305320
5838720
2945088
2998720
3637184
2804800
6256.96
6243.84
6233.92
6232.96
6233.92
6237.12
1027616
1028640
1028768
1027392
1028672
6240
1028032
6238.08
1936384
1364992
17052.16
3800
3975.68
3988.48
4024
3881.6
4249.6
478.72
3546368
647600
4951.04
474048
3433.92
8057.6
10531.84
13632
1196
200017.92
2.24
26168.4
4072960
483.84
5268
657560
1178856
2991744
477632
1020992
250
1938
6
10
1972.8
7.04
2
31.04
2328
5832064
2940736
34
2812224
696
3000512
3636864
112
24
5064
1927744
4594
4911104
3568
2448
3443040
465720
55.04
8.96
11.2
1029600
1375488
1810176
11077.12
11.2
2
0.96
1028160
1027680
1029344
1029056
1029792
636608
52960
0.96
4
2
56.96
0.96
58
56.96
60.96
2
60
2
2963904
2
2
1029920
1030496
1029600
1031200
1031520
1031328
54440
2
5839360
24.96
2
2971776
27.04
2
191.04
24.96
2
37782
2
120.8
2
2
24.96
8
2
26
34
2
24.96
32.96
572.96
2
2
24.96
2
2.24
2.24
24.96
20
2
24.96
2
24.96
2
3.04
100.8
3.04
2693.6
27.04
3.04
24
27.04
507.2
3111.2
143560
3.04
3.04
3.04
4
48493.6
3004416
3638848
3.04
283264
3652544
4
4
11.04
3152.8
3.04
591.04
312.96
819.04
8.96
7415.2
3.04
132
55186.4
3.04
2
3200.8
163520
2
2
2
2
2
2
2
24.8
143600
2
2
2
2
2
2
515200
2
516136
2
2
2
2
2
2
618.24
2
547200
2
3.04
3.04
4
3.04
2545920
2396.96
2
3.04
2
3.04
3.04
3.04
3.04
3.04
3.04
1441.28
4.96
3.04
1378.56
4
706.56
3.04
3.04
2277.12
1386.24
3480
1451.52
1258.24
1822.72
1991.68
1566.72
1731.84
1834.24
1643.52
1679.36
2548480
1046528
347.04
36464.64
13712
259394.56
389.12
108
110
2
2
3.04
3.04
4
3.04
4
3.04
3.04
3.04
4
51.04
3.04
3.04
3.04
3.04
3.04
19.04
79.04
6
4
4
4
4
4.96
4.96
4.96
10.24
2710016
408
4.96
3.04
412
5864192
3.04
2944448
2836800
3.04
3.04
3.04
3.04
4.96
3.04
4
3148.96
4
4
4
4
188.96
4
4
4
4
2792960
4
4
4
2
4
138312
2
4
3.04
4
3.04
4
3210240
143520
4126848
149484
32.96
53.76
1730
25188.96
551040
2364
1798
79270.4
555822.08
4
4
195840
1766
16.96
192
512272
511152
4
1739.04
4
4
4
6.08
471904
135.04
3.84
2081.92
768896
1775.04
337.92
2117.12
363680
8.96
3.84
0.96
189952
123.04
350
32.96
763.04
32.96
32.96
903.04
50
543.04
2
35.04
925200
40
55.04
1739.04
140
188.96
0.96
383104
0.96
0.96
0.96
0.96
0.96
2
2284
4.96
2
2
2
4.96
8
938.88
480.96
190
372.96
0.96
51.04
473.92
1872000
2071360
50
2
239.04
239.04
2069824
80
15.04
2069056
248.96
2
8
552432
943.04
8
72
100.96
2
36
106
8
0.96
0.96
36
27380.48
13836.8
460.96
36604.8
10.08
91712
0.96
4.96
8
36
8.96
8.96
3.04
2332
4
7.04
121.6
6919.04
12.96
11.04
101536
38.4
6
4
4.96
4
4
36
4
4
4
11.04
12
38
12
18
19.04
3.04
5325824
20
4
2822.08
18
2
2
2
16.96
18
5940.96
19.04
0.96
4156.96
2
0.96
0.96
20.96
395.04
4037.12
4.48
4.48
4.48
4.48
4.48
4.48
28072.96
0.96
7334.08
19.84
19.84
0.96
3.04
1.92
549056
0.96
64672
1.92
0.96
1441984
3.04
0.96
3.04
0.96
0.96
3.04
4
0.96
0.96
3.04
1.92
4
163.04
3.04
3.04
3.04
4.96
1821.6
1.92
164
3.04
3.04
4580
359280
131.04
3.04
3.04
0.96
37.76
57585.28
3.04
50
8.96
36
24
3267600
3.04
24
24
24
28
3.04
10
315.04
10700.16
482160
1009.92
476.96
803.04
891.04
1164.96
1550.08
1665.28
316
14361.6
11046.08
50755.2
112768
316
0.96
9464
160
315.04
3315.04
3.04
10
4192.96
101040
10
10133.76
188
515112
24529.28
3190.08
10439.04
250000
439.04
344.96
256.96
63.04
132
435816
196.96
10
616.96
20.96
22
22
10
23.04
23.04
22
23.04
22
7655.2
36
620
547200
24
24
10
6557.6
316
1022752
1025280
241824
316
7839.04
28
29.44
24
327.68
70784
24
28
10
24
28
13160.96
120
10
6859.04
2312.96
10
3104
135744
10
12897.92
223.04
4602880
4416
0.96
11220.96
13552.96
15617.92
18920.96
25433.6
229824
11.04
0.96
316
3484
627.04
112
14190.08
4
50400
53349.76
58329.6
72698.88
28225.28
112
627.04
135.04
2344
316
2163.2
212.96
100
188
62
31.04
3470
3924.96
2
6640
51.04
458880
228480
113440
572736
455936
38.88
11840.8
2240
5362
4.48
242240
28
23.04
227.2
5908
1.12
2.24
2.8
227840
102
54
64.96
42
35.04
36.96
42
42
42
44
474112
577600
2
1023712
56
834805.76
24426.88
387360
2180
23904
939136
5935.2
4431.2
114944
2588.8
3894
2186.8
102560
88896
5837.2
743360
5940
442560
6869.76
12794.88
89216
379600
124224
118560
601360
1439.04
1291.04
478016
61765.76
52.96
402
2
63720.96
926784
3256800
256256
75200
16.96
177807.36
98762.24
28
76992
28
64640
2
24.96
38.88
6597.12
14.08
207.04
1027680
1028768
206
2071040
1781376
1577472
0.96
379120
0.96
7628.8
29.44
3.04
3.04
2782976
20401.92
107600
0.96
109960
12184
107360
107920
14056
3.04
23488
38272
573312
58176
71744
148480
15.04
457472
917824
0.96
250
15.04
914688
0.96
0.96
4031.04
2188
15.04
9504
582000
247.04
224
9457.92
234
1064
2
2
2186
3.04
3.04
359360
5.12
18.4
149760
210
521.92
620
7352
7972
4662.08
2
9521.92
9516.96
9504.96
108080
108000
0.96
1025056
514680
3673.92
470144
3864
265664
3872.96
52.96
1656.96
19.04
3.04
86272
3.04
295760
5316096
3.04
1644
16770.56
278320
24.96
44.96
6
46
7.04
52
3.04
26730.88
3.04
2318.4
105088
2538496
3682560
86336
2234
208768
484160
103584
2064672
1030912
241760
241040
0.96
93632
318
22965.76
2838784
3.04
47436.16
2448480
2191.04
12999.04
3885056
68
70208
16
120
22
20
108240
204.96
3760
6807.04
896.96
128
583680
132
90
120
147.2
84.8
1648
198.4
211520
60
120
2428.8
213966.72
60
3.04
119.04
162.88
59.04
152.96
128760
60
248960
64
356
343.04
31.04
41.92
1439.04
12
69952
43.04
896.96
32
0.96
3.04
75.04
54
198800
4126368
2041.92
54
2096
10792
513432
1316.96
216.96
515056
212.96
62
2630016
1.92
316.96
1296.72
62
56.96
3.04
3.04
3.04
56.96
0.96
67.04
22.08
0.96
3.04
3.04
8.96
224.8
8.96
8.96
219306
10
12.96
180
367.04
452
180
202800
17.6
24
102.08
1.92
12
6.08
1323.36
1.92
3.84
70208
367104
128000
0.96
515112
1367.2
16.96
16.96
20.96
23.04
16.96
28
16.96
16.96
27567.2
2208.96
19.2
4.96
104.96
14.72
8
1866
16
12
16
2352
2214
12
16
20
14.72
669.44
8
20
7.68
46864
14.72
83.04
19.36
8
117680
8
4053504
3.04
9692.96
16304
0.96
188
24
854.08
8
2679040
705.92
581.12
848
41540
279.04
683.52
3.04
2
3.04
4.96
316
3768.96
14.72
123328
2
3.04
543.04
167168
275.04
280
2
275.04
326
291.04
296
280.96
302
294
338
275.04
298
295.04
340.96
18
279.04
290
295.04
1349.12
326
275.04
26938.88
296.96
294
343.04
65797.12
280
304
294
340.96
274
288
292.96
18
10.24
326
280.96
4117248
296
296
16.96
167191.04
276
338
299.04
295.04
116.96
280
342
290
294
296.96
326
294
299.04
338
294
288.96
340.96
295.04
296
326
294
24074.4
299.04
338
294
340.96
3.04
40.96
16.96
16.96
1016.96
160
3.04
42
16.96
16.96
1015.04
161.92
44172
6.08
1.76
6.08
2552064
1.76
6.08
5.12
5.12
2.4
2.4
2.4
2.4
2.4
2.4
2.4
2.4
4
6.24
2.4
4
9.6
3223424
504240
350
513736
258
2414.08
296
102496
362
2818
515976
296.96
296
514688
292.96
294
1136.96
344
3.04
9.92
9624
576
614.4
2
2
348.96
11.04
119.04
0.96
139.04
0.96
4.96
0.96
588
4
294
114
2092.96
292.96
2
0.96
292
1030400
292
291.04
292.96
650
648.96
707840
2243840
34.56
68797.44
20452
637696
695.04
2494.08
109.12
3555.84
12.16
8
8
8
8
8
8
8
8
8
1943.04
9.92
9.92
628.8
113666.56
74
691.04
620032
2106
278
52
19.04
292.96
211.04
152.96
124
60.96
108
52
18
168.96
296
3131.04
4447.04
1.92
686
296
3704
3459.04
5214.08
7721.92
43720
1407.04
2034
1327.04
1423.04
2
2
1300.96
1354
2031.04
1324.96
1424
2
2
1292.96
1355.04
2031.04
1326
1423.04
2
0.96
76487.68
1862656
104.96
401.92
32
378.24
67488
15.04
16
3.04
12.88
97328
60.96
210
123.04
170
52
152.96
107.04
18
292.96
295.04
0.96
6.08
1.92
1.92
15089.6
1.92
1.92
1.92
1.92
8.96
9.92
11.04
3.04
1040
13.12
14
1365248
14.88
8700.16
71.04
84.96
507.04
14.88
34695.84
19.84
3.04
8.96
8.96
995.04
2
2
2
0.96
2
2
3.04