6497536 1367808 1614592 166464 1 1 1 1 1 
1 1 1 1998336 1 146048 172032 3 1 
1 1 1 1 1 1 1 1 1 
1 36 19 12 10 8 8 8 7 
7 6 4 4 5239680 3055104 1900544 223 1029 
579 6335 1578 214 1 164 490 1397 1 
529568 1552 499 104 298 2716736 3 4270080 112 
22219 128128 242560 23714 148 1062912 3946496 3 85632 
9246 12428 3 3 1 1579648 1380608 17080 60 
6346 9758 25075 8908 42229 6119 176256 82112 13006 
1 324 39 8946 6455 48979 2958 26600 6892 
162304 136 188 10 8 108 524 240960 1 
2 92 94 489600 39 24 38403 105 32 
1 1722240 321 14183 2585 1030736 8416800 4508672 23 
5 5 14110 14360 14424 14350 1016 32 526 
170 25 126 968 352 1253 952 39 11 
7 936 412 6200320 4930240 440 442 440 24 
1 25 440 24 24 128 3933 23 7569 
1307 28 8174 7502 7525 7557 1214 4314240 3945 
3917 446 3896 3897 3766 3775 3759 3765 25 
3968 3864 25 30 5360640 298 424 288 262 
270 3735 3712 841728 28 3694 3680 3 3 
38 48 3683 3685 3664 3664 255 3673 3679 
44 1452 818 1091 1111 7 4 4 1386 
3939 3944 440 5586 3937 3937 130576 4038 3930 
3926 3920 2960960 3016448 18 3933 3933 28968 436 
239744 2039 26794 124 5 3763 3778 51 3789 
3786 3782 3782 3783 3785 3792 3792 1 7712 
1397 7562 156832 7537 227 7559 337 1047 1162 
60 7633 5 83 35 23220 416 271616 1326 
1 1 1 1 1 1 1 1 1 
1 1 1 826 1029 1384 1317 3712 1213 
9696 252 1736 28493 9790 304 16886 3514 23912 
8428 1164 1136 1745 1377 1177 1261 1344 35 
399 380 363 396 360 546 741 151424 8 
96 8 8 10 8 148 8 8 8 
656 8 11520 8 8 8 8 176 8 
8 8 8 1 1054592 1383 20 24 188 
7850 8 3 6 7857 7866 24 7824 1 
21475 158208 11 156416 40 48200 7443 1672192 7329 
6648 7336 7448 7356 2315 4 2 2136 151680 
32 378 241 1292 434 1132 1958 250120 1295 
326656 1352 4626 4 34 1319 148352 1838 2705 
264 4 498 2229 43 668 620 264 8863 
1 2392 4755 6900 5052 87 13754 142064 1431 
344 611 13 688 1733 124 1696 38 460 
49 1831 397 13 169 201344 48 112 1 
161152 95 2609 170 59875 126 185 188 412 
1489 48 1 1 156160 1 125 142272 127 
29 226 716 67 321 40 6 2 21 
2 305 9169 16 48 294160 49 140928 101 
198912 7005 3218 236808 38 7 1153 74752 2930 
149504 140928 3213 44 68352 186752 1664 846 19 
1 1 6016 5328 61 168 9242 131 230560 
18805 8872 144512 142896 9127 9310 281 176896 1164 
143488 885 309 144 46 131872 172672 141824 129792 
139520 3203 309 337 20193 4 14 2 126 
478 549 584 127400 28 31 522 137344 15305 
15286 134272 6067456 196416 3030464 15232 15245 15184 15192 
131456 6169600 5081 83 5 3 5 5 5 
5 17011 16914 205952 362944 3574528 1386 120080 601 
132608 197440 27 36 26 36 201088 931 94 
35 30 34 11918 1575 1302 34 1092 2 
1 4 124480 968256 207296 1761920 1137 1342 533 
49 6582 118320 3537 6679 24752 1340 6590 4389 
3657 26 453 786 79600 1920 278 1328 3 
172160 32 674 118 254351 35 542 20387 60 
2 27440 2 17260 10 8555 8216 4 4 
4 129152 4 1054 6 4 20680 4 4 
189312 4 6 17 17488 2 2 73 24 
197 120 967 741 1943 3029 8240 684 394 
517 7453 451 564 862 38816 463 7 6529 
16368 19424 4 191616 1 1 20369 1 258384 
1 2976 24569 7 8 8 56896 12 12 
2 2 35 22 201 225 757 382 1858 
2571 10 7 1 10 182784 16384 2963008 1 
2 3 2100 5206 2526 1 12374 45568 4 
8 24 56 400 180 399 1054 3056 1281 
3182 8241 75520 231936 260 3156 6485 223 1 
260 492 6056576 5980 3217344 29116 3029824 3969 1139 
268 79840 989 1459 4 12 112 323 175872 
304 39 25 388 136 599 4858 40224 6793 
26410 264704 25781 1118 114176 352 6464 5662 5485 
9 7 8 6623 9314 22 6704 6286 5557 
12 5592 18 42 204 438 6671 6760 12 
15 15 108 94 26 166 108 808 631 
28 197 4 113 16 23 28 52 44 
168 117 586 423 5557 6 1795 2561 7184 
112 124 135 216 259 218 383 377 960 
624 45 222 4 115 132 151 224 252 
228 416 269 801 588 5706 5512 144 136 
179 215 591 176 231 155 142 368 6396 
7632 1953 5922 1140 10256 236 1075 836 151 
780 237 204 239 417 174 432 1696 4595 
200 5376 1052 183 5254 5957 6142 5453 5526 
5267 5228 10 31159 168064 151008 155376 199368 53111 
31507 316 1 2946112 165632 25981 5722 14979 28422 
159104 17 22961 111189 161920 8225024 1757 10 16416 
1413 57088 1422 4946 10307 1423 91152 3104 172288 
274320 6029952 28256 1411584 3005248 99 111200 680 3079 
130 762 44066 230 375 2390 3128 16504 682 
30408 247 248 134784 576528 16232 13651 32 30 
2475 84 25 7 78 18 12 13537 16 
36 3595 8 974 9 18 8 16 58 
9 157696 104902 8 984 956 266880 424 400 
1968 16456 12 1319 2196 8 127 124 568 
564 584 3108 584 1 876 1 587 416 
24896 2684800 73783 510 284 284 2504 276 436 
278 1235 280 72936 39 74 16 534 16 
16 247 289 33 17 9 17 292 32192 
420 70562 235760 38 4 42 431 4 155840 
23 1010 154208 153152 152192 1504 520 424 415 
286 196 496 499 1134 311 1008 14707 25825 
35980 1000 13460 1102 16814 1726992 504 608 514 
862 486 498 1065 1200 1344 1602 1792 1806 
1065 1036 957 1239 842 995 1160 818 853 
65844 5 5 5 5 5 5 1122 590 
112 128 128 240 280 168 150 415 352 
824 647 177 344 311 350 896 199 540 
1205 4687 103 278240 100 84 232 378656 390080 
377216 376352 16440 2062 4096 175 248 255 304 
23238 151 218 364 8 1 1 5 24 
342 1 1 5 10 222 269 142 157 
208 134 146 2253840 491 953 24 60 239360 
88 200 209 346 2839744 1526272 40209 120 113 
19 62 558080 500 598 504 854 487 494 
1047 1194 1296 1464 1729 1838 1093 1041 1006 
1267 818 978 1192 839 828 1791 5 131 
120 118 124 72 63 78 66 6 2 
248 286 306 414 254 260 1149 1239 1711 
1670 2182 2314 1074 979 818 1249 803 986 
1128 728 672 425344 428096 68 72 71 56 
63 54 64 4 8 24 56 367 164 
416 1037 2581 855 2684 9085 4348 835 10293 
311 25 60 93 144 142 373 346 889 
10 2570 35 61 12 124 423008 426656 140 
154 271 140 129 112 126 135 204 241 
167 163 280 422 391 800 590 182 250 
1646 216 312 2993 688 188 460 1619 3719 
166 177 142 143 258 678 6435 116 126 
452 2965 1 35196 1614 2369 6 6344064 2961216 
3017088 282 296 320 428 255 263 958 1152 
1669 2000 2256 2208 1093 968 802 913 783 
956 1153 736 652 150400 586 712 579 996 
571 568 1024 50 1184 1176 1393 1394 1368 
1400 1177 1535 927 1050 1232 1230 1111 343 
408 348 547 384 391 757 707 896 839 
1054 1038 1002 985 925 1001 720 830 1005 
1020 903 346 396 363 552 384 392 743 
704 851 808 1087 1053 1022 1018 930 1030 
696 781 975 1016 905 730 867 700 1278 
848 848 1001 1063 1150 1130 1409 1362 1281 
1376 1212 1699 1098 1238 1521 1424 1356 10 
1369600 712 870 692 1256 834 840 1033 1110 
1197 1193 1394 69 7 1376 1165 1727 1123 
1305 1477 1424 1372 2564400 1400 1208 6523904 114112 
23 20 23 19 20 1576512 224400 6264 15320 
2968 13879 10633 15173 2795008 85926 504 574 518 
576 544 616 502 615 704 1272 512 525 
549 522 712 15363 113984 444446 3 30327 3 
3 1 132 4 5048 14014 15928 184 213 
3 220 521760 237 5418 5653 1395 5656 5637 
5632 5630 5624 284320 5649 268160 262176 262048 262144 
24 5616 5626 4123 1296 501 581 525 578 
540 601 517 616 704 1260 512 525 545 
518 713 5632 5621 5635 7187 7137 7136 7137 
7148 924 1047 969 1048 1168 1126 1026 1254 
994 1674 1040 1071 1181 1293 1080 7134 88 
91 1062 678 121 356 327 279040 421984 130816 
254 162 1732224 1696000 287936 35 1067 560 8 
7 19 5871 96 580 223 4 3 4 
288 3 3 227 120 3 161 5 2584 
8 8 1 592 7594 172 7523 156 7486 
147 7552 7527 4051712 1 2417 2580 1752 108160 
1072 6412160 2880256 3025984 2922112 401 36 185120 164 
32672 7 159488 132704 27 89 6327 160 184 
151 172 591 121264 14489 496 7 481 568 
482 469 305 386 374 6599 41561 1360896 5889 
5890 200448 4098560 3804160 1304064 1719808 2761472 8 4 
16 4 3 3 16 22 2570496 4 2563328 
18 24 15 2 24 5312000 7 32 107805 
124280 154880 182528 75205 755840 31961 276320 75457 5988992 
3000512 6 3030848 7 30803 209344 10 592 880 
7 2591856 22215 6 219520 8 592 12537 12520 
12524 12523 12522 12524 12523 592 12528 592 591 
592 9 152768 4 5 591 3836 18494 151360 
943744 1731584 151552 1303808 1741568 5 592 18919 588 
5 5 270144 5 267680 954 230656 262656 90297 
564 587 8 5 71 7 379 474 690304 
376 584 352 236 255 396 584 1199 608 
6 848 443 358 1236 367 375 364 9 
348 1006 4 359 1 16675 363 3 3 
3566 364 3 1 307 1 4108 4 368 
1 1 376 1 2395 1 11 243 291 
6 6 6 4 1 228 2394 1176 1 
3 2063 884 2496 4086 9 252 368 372 
15 4121 340 364 358 4105 1176 360 379 
356 870 255 690 360 375 355 9 3249 
2355 344 59 346 235 52 2336 884 11 
7 51 4113 2356 9 1731 47 883 872 
20 54 60 8 9 11 2336 54 1972 
1091 883 2356 1768 2960384 1748 880 2948 1179 
1752 3214 3180 871 2324 5 3 6 6 
6481152 414 3594240 128 148 140 13864 32378 42629 
151488 1742208 1306496 372 387 2544144 1741056 1508992 13287 
7568 7495 7484 7610 42 44 892 7578 1796 
44 42 49 44 44 656 1676 93949 96147 
137728 13250 873 1743 2895 6021248 3021504 1968192 4048 
1156 1742 2043 878 543 936 484 1011 4 
16 48 44 2020 2044 151296 1751 4076 1600 
609 2040 1175 1168 2042 583 1179 1 3 
1179 1171 34 3520 12 2315 14 1463 3495 
12 12 12 2923 2035 76 2212 3044 108 
19 84288 3 144000 131072 122145 10 6 5376 
135 5880 423488 3 164864 1711232 193 116 1739776 
228 240 258 288 312 3513 1501 7278 2348 
260 291 2047 2430 94 3720 3504 408 112 
71 719 70 433824 3 101 33 127536 97 
3813 172 195 174 1308 55 74 383 856 
128 3518 3514 76 41 1813 137088 32 32 
4332 31 15 1 16 1241 14 15 4142 
15 6109 6911 232 4557 5289 3760 125967 1 
680 6663 6995 1140 6677 233 174 6984 5903 
7029 71 516 1668 4402 1 998 553 630 
1 1 1175 7594 51 852 367 15 2 
2 2 1 1 1 1 3 1 287 
320 647 314 312 108 107 35 162 778 
822 108 36 160 32 64 62 6 14 
8 17 101 64 218 312 320 176 395 
316 222 312 179 177 545 14126 113 16 
14113 263360 7 60 5991040 128016 10 216832 2750016 
58080 6636 24 6595 218 190 11 219 2 
200 12096 440 1395 1088 3 3153 6 855 
2044 121697 647 1 8880 2538 1528320 3955 975 
808 179 108 134 634 2 964 896 1711 
2 2564352 11222 10 2 532 536 1700 16 
1 3 1471 1732 3 8 7 2111 2 
81 15 1 539 5 1779 12 135 124 
364 694 2 1 9816 124 2 731 1015 
724 2 516 689 44 24 256 124 820 
804 1703552 28736 1 4 74 1359872 86 60120 
76 1 2 102 38 88 1671 1 761 
1 3 8 1 66 145 207 3955 3 
5 6 16 1587 11264 8 28 51 40 
60 486 60 15362 56 1034592 7062 8 7 
8 664 143 148 148 6 156 159 127 
155 153 160 158 160 158 152 151 704 
314560 144 180 179 208 216 253 36 302 
6745 1614 148 3092 5 5 5 5 5 
20 2959808 5980416 2992896 3043264 1708 8 7040 16 
3712 8 8 1449984 120 6924 120 2 35 
160 15 835 108 4 114 289 2068 307 
131 6 7039 14 252 2 2747 7040 10 
126 125 5668 7033 462 2 20 10 6763 
11 83232 10 58 27 56 24 16229 130 
3496 32614 6815 451 6698 3377 64 510 6528 
1 8 64832 2750720 1409408 26 56 4 19 
2576384 9 10 11 28 60 12 1 10 
126 30 31 126 578 144 180 177 208 
218 247 289 15417 120 144 179 179 206 
215 236 28 148 30 6 10 115872 23 
2 148 15 148 294 8 296 236 216 
208 179 148 152 144 5862144 2901952 150 2975232 
24 299 236 225 211 177 2807872 148 144 
21 9 21 35 16 8 5 1 1 
718 1249 721 864 1008 1022 1034 15 2198 
66019 271319 18 14266 11114 11110 1 1732 1 
6636 1850304 1788 21536 668 11887 249308 21 48961 
240 480 21 21 5273 8439 19 19 21 
5016 8 21 19 19 1 21 638 21 
19 8 652 19 1604 1604 484 21 5335 
19 748 56898 21 3670 21 652 37 33 
1761 18 325 565248 9 23 408 291 10 
56 21 12 1 9072 2142 708 950 1730 
9031 3545 6993 526 16401 1486 1506 1490 1491 
1194 1508 401 37 7379968 1449472 24 130 80 
13 6707 4074752 83 1438 1480 2754368 6882560 18903 
18 1489 13 5942 6780 273 212 1461 1761 
180 140 164 2488 10 854 3 1589 6759 
3392 5936 1634 1620864 1536 5948 3386 6759 6968 
18 1699 6830 3398 5957 110 3764 8 6022 
25 3440 149 6841 17 19 130 146 442 
96 24 16 129 451 85 95 18 130 
134 17 5948 88 16 16 134 88 83 
307 14 17 122 88 90 16 144 144 
4361 7779 6887 140 17 82 273 936 522 
7537 3258 5712 6920 2552 5197 4054 86 160 
23 25 143 310 791 3478 6977 14 79 
4 6 2 1 2 13 87 12 79 
1 1 15 80 1 38 40 1502 1447 
5 10 2563840 1 1 5498 1 1 1 
1 1 1635328 427 30 7 42993 149256 7 
6288640 2891200 2998400 2826624 2306 24 145 1 372 
7031 3104 86160 178944 24 24 30128 24 1271 
1135 82 142 83 1167 82 209 30456 14 
29184 18 965 16 37992 51 40 157 72 
277 566 4530 5095 16 166 556 6788 274720 
15 14361 13975 1609216 16 2316 1523520 149544 556 
552 80 80 80 79 80 2316 1909760 24 
1405 96 8 7 8 8 24 48 40 
38 36 36 6 6 36 1184 3208 2 
952 1354 6 1 4 4 7 6923 6 
678 2064 2064 16 6 5 19 7121 41 
6 6 1473 2062 2067 28 209 2076 1 
1543 2081 2346 8 5 4 1470 2061 21 
1471 6 6 2057 79 4 5 8 8 
18 17 6305536 576 2877760 79162 2559232 1376768 10 
58848 18 2 58080 7033920 18 2939200 591 1715 
1648 1524160 3624 516608 515712 4081408 3 15 1945 
980416 9 14 9888 8 4681 128 133 1401 
199 391 983 1302 3534 1043 27 1379 7815 
1942 15964 3055 4404 872 116 855 2700 2691 
111 264 598 14 3895 1091 607 11072 57 
243 197176 3896 384 28910 197160 1597 21729 19243 
20116 3660 2652 2709 2497 2233 737 413 369 
270 56 1 1 1 19799 13093 387 24 
2555392 539 7149 3 3 24 4109 83 83 
992 15634 24 1724 660992 604744 681 3231 15 
57024 24 415 13378 5263 631 28 7 2 
9 43136 26055 2280 36 285856 276928 38 266 
979 1 1 10153 11743 12033 12826 13470 102 
57024 36 1543640 38 606 1444608 24 9472 1310 
747 3247 1 1 1 4 40 5865 1 
1478400 57184 517416 516648 4388 24 62656 223456 223360 
210752 443328 450624 221600 38 2961344 2834048 5981056 74 
4147968 4536 36 244 40 4 5562 6132480 36 
24274 2557184 20130 3007 3308 23900 44 33 59 
81 63 1 881 7 25 6339 57 20 
24 874 874 835 2645 858 13763 465 997 
1182 49 64 40 46 149 257 332 231 
80 36 227 39 984 1040 224 252 252 
1290 32 221 775 705 588 597 723 611 
730 769 311 288 124 8 42 328 8373 
1886 28 2232 1467 2029 5941 4774 13376 1465 
11594 31185 822 123095 120965 2396 2407 102 2354 
1464 2277 32 2616 1454 2399 31 2986112 1470 
2309 2238 28 200 360 2362 1086 1000 2759616 
2343 2281 4620 410 18822 30489 24149 37812 33061 
32464 14896 23038 3230656 461776 1373288 98 331 322 
259 295 143 249 149 136 299 312 156 
148 171 156 293 156 334 129 176 410 
286 326 34816 6538496 57184 1670400 1362432 1 4166 
45885 5968128 19 2970112 2799552 1456 8403 2142 5306 
17 22 126 8 405 44 286 725 1 
1 14392 14344 112 64 14320 14316 14284 76 
120 103 62 515 2 4942 3 51 57336 
3 3 252 3 1110 3 1709 327 586 
38 514 3976 323 232 288 211 342 106 
3 207 118 192 3 212 156 345 328704 
770 3 252 51 2620 3420 1 53 3203 
15 2 1 4 16 4 2171 4 24640 
2 47 2180 4 1 39252 32439 32290 1672 
27001 496 41579 47549 46649 45438 105149 28166 35339 
32862 39822 21015 23015 27528 36395 30785 93414 21352 
18886 35212 34327 32855 33920 46794 1 40523 21461 
34105 36369 40569 37542 40349 38268 35095 58624 24112 
41386 38603 38073 30580 60029 59604 6315 51856 30237 
6923 42155 28112 37546 32047 30402 55430 67417 79630 
25920 38218 46282 39449 68820 97136 83796 72099 68176 
428 74356 38858 44500 34494 62639 66289 69213 60524 
68446 42831 43909 34040 89909 93529 62956 58054 68880 
68741 65852 91440 90214 82803 37159 65424 79206 60016 
45414 63769 76876 60865 55237 47825 60756 55386 62462 
57834 18726 6 63746 76912 43234 56261 58502 74283 
75877 74859 69521 65488 85578 71943 77634 102810 63820 
57514 85382 86544 85817 81831 76102 101216 125569 70237 
58745 120179 104496 100881 100331 328 112381 491 106581 
109898 102215 112751 112327 110489 109232 1 11 630 
11 170 48 27 99 92 240 16 6287 
620 189952 2 3896 40 122576 1382144 124 10 
120838 25648 1219 78243 40 1236 3196 1420 41 
6260 28 17344 52192 222400 82912 312928 85088 214112 
724864 44 144 18776 3015232 23 71 4536 348 
84 2 4532 5994 290 1 1 1 1 
802 1 34 328 326 7 17 3 84 
44308 16 84 7 6 55713 680 8 57207 
10 10 52 14452 12 24 4 1 8 
23 102 729088 10 6453 38897 24341 131584 113950 
17016 8074 20399 11458 10688 87 5271 21464 92564 
34014 115075 74 31385 52107 251545 9392 31680 112 
555 4547 8 48 468 42051 8 1352 49 
802 409600 1298 800 16 2568704 2566656 5277 117995 
2464512 23208 102672 8 1 1 1 24 2 
1 232 201 1841280 51 1 204 203 16 
836 588 312 308 310 308 352 121 50 
20 792 20 8 20 2354 22 20 20 
1 190592 4044 11517 50 15072 26693 54689 25593 
10781 8784 98039 18882 22042 125282 122042 20 1006 
1697024 311 202 310 202 681 202 438 1122 
204 205 678 732 288 110 34 200 200 
213 1 217 341637 1294 1548 3412 1644 2182656 
1 92 1 1 1 1 8 8783872 10 
616 3024 1169 495843 16 2547 2560 1583 1620 
2056 3667 7272 327360 2572 2456 1995 1540 1638 
1219 468 452 921 1984 1655 1188 3185 2739 
2527 6516736 1370880 4064512 12 65 28 63 131 
64 67 60 17 60 1 1 96 141 
96 302 270 96 3 2567424 48 23 1703552 
91 3 83 412 38 152 26654 7551 870 
5753 345344 94506 49902 4 1090560 302560 1 394 
151 606 193 6 90910 14 223488 171 346240 
18778 127134 41443 16 1185464 1180608 20 15 8994 
398160 1425792 48299 16 47269 45616 16 16 4669 
16 2302208 16 200448 16 16 16 2 8 
23 23 4 23 10 93 4 4 4 
4 392 1075 3367808 6524160 4081920 24 23 24 
23 23 24 23 24 4 23 3370112 71 
71 74 70 63424 100256 71 1 1 4 
72 4 4 4 4 4 4 4 4 
6 1 1 1 4 4 4 130 7 
6 4 4 80 10 381 2567680 14 8 
10 8 12 80 2 174 4 4 2 
6 103904 89440 2 2 2 2 4 3 
2 1 332 330 38421 296 3 238 2193 
1378560 200 2 2 1163 67694 2 564096 56832 
131 60080 18279 335 205351 43475 3 14376 3890 
4947 6040 130 7252 2906 1892 899 34304 287776 
19952 700 54352 193 2 10 2 4318 2748 
1 2 2150 164992 28611 2 19713 23482 2280 
284 283 566 2393 31 31 31 31 30 
62 62 62 62 62 563 132 131 132 
131 132 283 283 281 267 560 588 563 
560 563 128 2140160 450688 42816 35312 509 485 
240 702 1532 7084 7610 4014336 1146480 5372 2 
12 3 291 29640 1430 5952 141 2076240 138 
138 1348 18424 430272 1953 30 11633 43594 30 
30 28 60 59 60 60 4168960 60 124 
124 124 124 124 267 268 1209 1 1 
268 505 533 531 533 601 1039 3 2578944 
22 554176 24511 257664 5290 58 364544 10 2589952 
1360896 740352 1 8 226 4 7787 23 369664 
5786 140 235 4 957 128 576 367616 367232 
1 10 5 1404 65 5784 1408 959232 15 
150 12 14 12 12 14 112 12 12 
6 18 20 12 90 11 6 12 10 
12 108 12 10 8 132 12 11 4 
7 7 798 9 1235 412 412 412 426 
408 52133 50112 202 655 660 624 575 552 
356 68 327 51212 50241 51802 50382 96 363520 
365568 365824 364928 324 71 324 328 324 204 
201 3808 348416 204 77233 206 204 587 204 
377 44 390 204 212 208 201 250 284 
1838 1679 1955136 1397 1401 44544 35 250 11394 
6518272 1 2030080 1 59975 3950 4613 10968 23708 
8536 204 2728 1220 1215 435 9040 55912 31494 
313 6 375 75264 22 1543200 981648 1000 376 
3832 375 10 2565376 400 21 4087 6536 2884 
1339 4265984 43905 71232 4 53 163584 204 406000 
57360 9320 719 5 170608 3041 2868 44864 148 
153 1 412 1193984 7 113 11 24 12 
86016 64 31 375296 5 416 135 444160 4 
368768 244 1929 2472 84080 154 128 1130 152 
514 153 1 462 2009280 6 3445760 458 2249 
154 311 792 345152 161 132346 16 103 43536 
6692 11970 12564 13112 13848 16 7499 142 2 
85968 86016 85536 85920 85968 95 85392 2619 72 
73 1737848 25904 123 16 74 113379 401408 72 
16 1 36032 1 10 43 1 52 1 
72 145440 36 1727 36 235 1438 229 36 
1420 1080 1401 1430 1336 2068 6 256 1408 
1412 2 4 1398 4 74880 102464 370816 5376 
316256 25744 41 5485 42 5 13882 16092 574 
29676 4 4 38 345312 4066816 10 1359616 360448 
364032 358912 53843 1703936 588 344 278 163 12852 
1 2 32 168 153 347 905 1 222 
220 582 684 3 318 2250 382 1016 2912 
321 325 430 425 220 206 215 391 105216 
233856 234496 234496 235008 2187 364672 369664 368896 2191 
1980 43584 288 6 286 287 147 287 367 
316 623 274 342 768 1480 127 572 151 
3424 6988 1032 2304 34 76 70 151 1624 
135552 376 72 151 288 378 319 616 274 
354 802 1432 988 2082 34 72 70 150 
586 687 319 72 79 72 72 620 150 
288 384 318 620 280 336 935 1468 119 
565 145 3692 5928 952 2098 32 72 71 
150 1697 1184 3897 4810 4316 1829 10 563 
1154 76 150 290 392 323 641 281 353 
717 1493 1 574 1 1736 3512 5185 956 
2213 34 76 71 155 1731 1208 4134 4280 
10 2567 280 60 46 280 280 9 24 
3 10 4 3 3 24 4 56928 71541 
26 1 141 1955280 24 9 40922 9 1274368 
177 243968 73792 401 10 6848256 10 8289024 62035 
156 164 223 34 53365 151 34 156 4081664 
157 207 169 173 178 1951552 184 201 112 
116 116 116 47 124 120 128 132 140 
24639 1349600 2652 16 41594 14 6 3225 1072128 
3846 350 5946 109032 32944 1 28 28 30 
33 35 430 32 32 32 2664 33 37 
16 46 1694 148316 30 30 30 33 206 
35 39 44 55 2682 2556 51 7 106 
22 15 144 1745 22 24360 3 129 16 
12 24 16 34 32 824 2 454416 32 
34 34 70944 8 35 30 2748672 1523 512456 
3956 7 232 108 208 176 7 165 3427 
111 10515 4046 10 14003 1289728 2930176 9152 1068 
4404 5424 6436 7504 8960 1446 2420 3416 1000 
26704 17049 13058 19864 42 399 12192 279 161 
148 11488 7050 161 710 1442 334 2887 152 
290 390 321 640 162 338 728 1439 2 
357 1 1861 3552 5841 974 2249 34 76 
71 153 1617 810 4075 4449 4828 1994 19 
64344 84064 4251600 44 46928 60 44 28 48 
76 63 618 1 3890 2152 795 11336 16584 
26048 38248 739 4587008 4716 519 1735 5 764 
739 5239 721 4402 6454 7556 9048 728 1434 
1436 1418 11352 795 1438 16746 6490 166064 1416 
1421 1420 1432 207 360 361 204 364 320 
368 440 347 376 381 1592 24 23 1628 
23 23 1427 23 1425 24 1423 1429 1427 
1418 1429 1433 1407 373760 361472 361344 362752 368640 
361984 367360 368128 361344 400 370 373 18230 8871 
24067 1 1 201 208 204 202 3 208 
3 1 204 33 44 30 32 23 92 
138 1 1 179 163 1 34 2558 572 
2688 736 182 23 4 372 1947072 132352 42519 
4185088 6159 1389056 210688 129984 187712 142848 187072 1837416 
15 7 1 19237 18024 21290 1 7 7 
1 1 1 131 12 7 6995 20 1720960 
267456 374528 365696 361088 368384 32285 2686 144992 19089 
143 34 1 142 28 153408 13729 1 1 
17141 16485 10 1 1120 13840 4 1413 1 
1 1 1 1 1740 459616 120960 18 2 
59 21962 742000 13848 2921984 6 299 4 2995 
60 7 158 16 4 32 1 56 1 
3588 58 56 3399680 7 128 128 4 128 
128 2 128 316 316 1 316 316 31 
2 316 912 17824 26224 228032 457472 4 4 
4 2 2020 171 4998 534400 98 96 4 
56 98 56 56 76439 56 98 127 4735 
97 2 162 4 128 127 8 2 318 
8 4760 158 316 2 9504 316 1 316 
316 928 8 1 103 1 8 6 2867 
47104 98 83 275 66584 4 8 2 7 
3 246 1 14347 514 4614 284 66360 449 
1033 564 1157912 1533 20720 45758 6750 122384 22 
30 22 2872 27 20881 4 1 1 24 
24 279 23 11008 11 124 514 1632 24 
4767 56 27 1 5 4426 654 291 24 
1641 44 59 371 24 26 26 35 6020 
23 24 26 27 28 24 24 26 27 
31 44 3489 59 56 124128 1176960 24 58 
288 648 24 1586 4654 10908 5062 207 1 
5 775 251 523 28 28 2 3354624 2 
2 2 1472640 1307264 408 440576 410 4850 408 
106336 446 260 271 772 395 206 963 1 
132864 236 1739 1 316 1549152 84 3 5 
5 3 1028544 1031456 34 40 131968 147648 21772 
18645 10 10 438784 26684 54301 106536 20 518784 
1400 144 143 296 456032 1030624 1031040 141 147 
144 48 146 48 145 10 47 48 40 
311968 2560256 6896640 794304 9 106592 1407232 2018968 10 
10 2128896 11 4 10 1149904 2 3313664 2117120 
353256 2707200 4088576 3036928 1947136 1671 1 5 5 
5 79 5 1638 87 3 59 5 74 
50 5 450008 10 3 11 14 2334 1729952 
337 69 2224 4 52 3320576 10 58 6 
4 10 1367808 1590 577280 6 85 403712 13 
11 1755656 10 1689 3302880 2 4866 1 34 
10 3668992 66 12 12 97 29900 50056 49992 
847872 2236 190704 482656 1752832 2875648 156 222480 28 
303472 2564096 3099392 3324928 3520 16 8512 104 3348480 
372608 18593 1943088 1675128 430080 516800 149040 16 1 
2560768 184448 2 2 2 2 1 2 1 
96736 97344 1026240 32 137 54784 58080 258816 403392 
406144 413760 133568 246400 9952 6155 23 19910 961 
1027168 1027808 1026304 1028096 1029728 1027488 1029408 1027808 38 
1029472 1028480 1030144 1017760 996800 866624 1029088 996352 1029152 
964896 1 95335 167936 257 201 43 244320 94874 
27 38 24 417216 422720 24 2 2 38 
2289 223 843 24 2 43 631232 240640 24 
807 2798 7 39160 29894 15 32947 9 23 
23 534 92 10 1 32 1 1 1 
1 456328 2 191648 34 14688 24 26 26 
8 28 24 24 27 28 31 43 1379 
1426 2011 1522 1328 1362 1434 1402 1488 1435 
3627 12 250144 89952 1424832 1871872 8 7 6 
31 2 7 66 64 6 382 188 74 
10412 1 8128 191 1 12636 12016 12809 1 
14463 5 13922 18583 29072 1 240 7563 9289 
11178 10799 10567 13410 13988 15617 24612 33715 59873 
115 123 133 133 170 360 141088 7 7 
8 8 7 7 7 6 7 6 6 
1229 320 1710336 7 8 29 514 468 344192 
8 40192 6 36 66688 3 4632 798 4718 
313728 222 220 4715 10 10 418 1776512 1025696 
1026880 1027744 486080 38612 605600 94 4067328 103 2551552 
28028 325152 3392768 4 84 28 1963472 1758344 96 
392 1887 291920 1482 10 2828 8 8 2847104 
6 7 6 220 6 1268 284 1 6 
76007 197846 42 7 234 175 6 4188 234 
4864 28 44880 1 7 7 1 543232 7 
12304 36 12 659968 1442 7 7483 368 27 
32 1403 1483 214 90 252 3447040 31 3444720 
250 31 256 250 31 32 523 31 574 
95584 32 32 31 31 7 31 30 31 
31 31 31 31 31 31 256 20 5230 
3894272 4117248 30 4286 30 31 495072 4284 108640 
116 116 1295 459 2083 4457 411008 160 8501 
296 19234 1210 39326 9017 472192 16430 243 388 
184 36705 316 4524 32 7 1445680 31 2104 
30 30 31 32 1044 32 28 1484 1404 
24 7113 190 508 201728 24 22855 1853760 251 
26 20 20 31 4 4 28 4 27 
4 2028 4 16 57184 32 25040 32 32 
34 32 120 32 120 96 139 99 108 
102 1 172 927296 8742 1584 5422 4283 60 
70 259 524 437056 19776 27 194304 38 1851 
824 1 1 8054 18 18 1226 32 4313 
11 11 10 10 3911 1372 7190 3871 17232 
107424 90823 27345 21827 208 16222 20254 1 16346 
2551552 3882752 62 64 315 42 42 75 42 
94208 3267120 39 39 56 64 63 1 1 
241 184 72 368 91 1233456 656 316 268 
86005 676224 596288 622848 787584 7104 657 112 8 
32 32 32 32 5416 32 32 6072 32 
32 34 32 31 31 13944 31 32 19407 
32 32 31 32 32 32 1 54496 32 
31 166 1765184 17384 20808 24272 27608 10488 7048 
3598 1447 13928 1492 13588 1502 572 307 71440 
14 250 516 2 1046 13671 4 515912 2156 
6 23 4 4657 4 27704 137360 4 24288 
20832 17384 13936 10488 7044 33 10442 44 25742 
4 20 63 42 55 63 63 64 5132 
63 56957 34 12 3082 629 73216 43 1 
142 146 142 43 241024 37 43 38 45 
45 149350 1 1 4672 10288 17864 32 30528 
48640 179 76904 86400 86400 160 343296 43 167424 
195 224 5 341 544 560 69568 193 183 
276 404 256 202 1013 27 176 159 154 
171 332 332 320 187 5 1 474 283 
194 155 215 872 71 10 4 8 6 
12 10 10 8 8 169 4680 8 10 
11 10 8 1358336 4632 940736 8 2 2 
2 4836 1 12 12 11 11 8 327680 
5640 5928 2859 3004 2866 2546688 3875840 1502 471808 
7791360 481088 1361152 4076800 2554624 37472 1026784 32 151705 
191191 40 88 3 974464 1027200 1026112 1027904 1008672 
3 1028864 4 1014976 331072 1029536 1035360 1029440 1016960 
1009184 2 2238 3933600 2231 108720 650560 565568 784704 
670592 64576 359 7 1 43 1 360 8 
356 24 20 20 25744 248 285440 7 7 
167 491 277 14 8 521728 7 10 1 
2 3 1 71120 106 2334 106 132 109280 
8 34 8 287 110160 8 6411 8 13 
8752 1 12 24 1 60 1 40 28 
30 50 102 1 564 528 475904 324 264 
259 457064 516 366 294 211 25728 104 16 
1473 11 14 1621 2 14 14 14 328 
24 781376 14 26 130 538 1497 462 280 
468 555 462 470 464 468 460 1036032 468 
25648 104 868 7134 34438 95 627 604 604 