24417 15991 25064 23516 47939 40183 29131 20415 40787 
46048 39321 24989 40660 30501 24252 44641 49752 11026 
48186 16379 24756 18759 24901 27014 34570 26119 15275 
20442 35568 32794 29395 42320 50543 37309 14345 46117 
25801 18557 39608 27964 39700 42033 33285 36571 47429 
33067 13054 15829 24408 29147 15743 45882 42888 34150 
43728 34015 44203 38145 50450 47851 37459 34319 34913 
11685 31196 11626 39019 27140 34130 32436 26294 20222 
11269 17577 45075 20637 49207 30166 11540 41202 19725 
26589 45332 33477 24643 39992 22511 44726 15013 45443 
12141 15982 48702 39223 24219 42910 11979 28597 22267 
24130 15852 35531 26634 39900 30632 19312 38720 46497 
46714 15362 24543 29513 11544 32548 16240 37414 42378 
12264 46268 29178 37677 29944 34306 29374 32046 19824 
43596 28963 31604 43334 30973 27924 27196 33377 49778 
22196 20673 12144 31964 15194 35613 13964 46635 38932 
11170 42264 49835 43472 28013 35867 33475 30326 14587 
19546 23897 50049 23096 11814 37531 32742 36584 18685 
43701 22268 31696 16788 36502 25808 36879 20743 23396 
12196 38398 16912 30293 35180 47042 26352 25394 35109 
27241 23436 35595 40407 11118 34754 41192 19084 22266 
18429 34384 42988 50070 44936 39709 46321 43759 13894 
33683 38795 29751 20621 19597 27249 37633 19196 21092 
35524 16623 32098 39840 21795 15277 35624 17340 25528 
22817 47554 43765 35468 45099 27973 34570 21693 36653 
40226 27523 41828 41937 23552 25831 42447 24817 13090 
33205 34788 12693 46733 31715 15015 44865 21494 20126 
30559 24464 24618 31852 36194 44599 11982 17833 16460 
14762 30431 40736 22133 29719 14055 32656 19435 39698 
44432 48451 12328 11605 26305 21987 25627 17625 45034 
46850 15956 37276 26953 38310 43367 18069 47984 31889 
22111 28246 19040 50361 36013 45047 18603 25940 31847 
47651 19393 41027 48902 31230 27746 39826 45531 20391 
34479 41037 47158 40983 37502 39774 42661 46582 39946 
21514 50681 45437 32460 48815 27964 26883 36053 28585 
21677 40479 24083 29406 26197 44285 13566 37822 31807 
35252 19199 12753 42684 33166 15992 46852 40888 20806 
33882 49553 48643 42191 30384 22728 46556 41987 27848 
38887 36119 15818 11931 44638 34655 20817 41666 17649 
24878 23877 30172 26718 38531 41513 48487 19847 33726 
16100 50963 39878 32466 19156 35799 34433 28484 27360 
13189 46593 50140 11047 44350 35951 49012 38306 34713 
11123 42383 42700 19898 29775 45058 19788 43707 23697 
43024 32687 12155 22208 18310 46411 42513 31401 48468 
43853 45835 13330 50887 26781 14702 20611 15685 15140 
24786 39776 37167 31670 45814 31375 15935 30226 36520 
33281 13522 35672 23814 11531 18918 18049 11556 12107 
25552 45374 11521 39340 43292 12332 43014 21029 20084 
24743 43332 49771 48387 50450 39968 45377 21595 44316 
28210 26759 32026 36598 28265 49294 11912 48739 28902 
30143 14652 37843 42065 42919 48221 28704 38432 21948 
36067 34068 23405 26897 25862 11322 42543 17211 34795 
47819 45336 20727 46824 36046 36341 23553 14403 44161 
28802 26111 42022 12261 30209 44448 33693 12812 12110 
12874 45416 49494 47207 48871 25238 29896 27237 49742 
32474 25278 37734 46241 29100 22348 22188 30323 36321 
47084 17162 27002 18214 29464 16806 25608 40130 41496 
31765 44967 42248 18257 28449 36950 27093 47958 33960 
30699 49877 21295 40588 22200 35217 16225 23662 32506 
44449 34303 12286 34533 35613 17810 22168 45749 38613 
28904 43301 45446 37193 43198 30601 13947 20346 37018 
34860 18994 36910 34548 18626 22322 43205 43911 18829 
26293 46514 18677 27728 47117 20742 42704 41856 35884 
39072 39011 28321 46957 33864 47428 38579 11415 36930 
27416 37862 24996 31935 15080 18755 30669 17273 40821 
25930 19212 34454 36294 18187 30386 25833 40077 35742 
26542 36338 48490 21807 20581 22567 34377 48341 19988 
35012 17082 42286 23867 15801 36614 13379 48000 14492 
39434 19111 46808 18060 31896 42746 12196 24683 12114 
45646 50447 19206 20192 50858 26485 50969 30131 19754 
50024 37648 43897 12672 13671 44902 27598 15456 39697 
23947 11461 39066 16103 39553 32454 22961 50983 22064 
19740 38694 33358 42681 39539 22122 18422 27356 36824 
21996 37241 11410 47738 38866 43869 43874 18571 23320 
31284 18240 17263 31695 41678 26703 25089 34307 48473 
30194 16820 43010 25346 44052 45413 29462 23634 30969 
48978 37868 31826 31099 15479 25473 46006 24885 11517 
45587 37478 35760 28935 43196 17366 27207 18571 12973 
20859 42998 50522 19554 19507 45569 33226 42091 32354 
47813 47941 25862 30496 16098 13821 25815 46898 29234 
47544 35269 33632 25724 48075 21068 48051 12796 22867 
24527 25123 30606 41317 42496 19411 12207 28210 48872 
36472 43005 30868 32102 33202 42923 30034 41005 29164 
15460 47195 38978 36424 27029 12565 43375 34108 31255 
32844 15875 19713 41705 15105 39057 31821 25666 33095 
31118 37964 21380 40610 49430 20396 18479 17410 16270 
11251 16549 49795 40710 50778 27875 29006 12428 42290 
48627 27526 19653 33413 23607 11665 30035 34634 25237 
23968 30633 24355 12281 21454 37997 23463 29193 24754 
39361 37902 24052 14299 11917 28225 27635 15721 43022 
30252 27713 16655 24653 23889 27683 30933 37037 24612 
29482 25599 27097 37426 23493 33579 25914 15542 33866 
18360 23237 23929 17948 15103 32661 16760 46365 29866 
33274 37026 33484 40993 16618 17080 15304 42428 30504 
48028 18488 15359 22134 43311 41135 28720 40920 32163 
22696 27898 18372 18167 29211 50155 38286 47991 13886 
23641 48278 26430 36096 18420 11717 13477 47854 43680 
48638 40225 23274 20048 50045 34011 36586 37209 34113 
38547 11467 29758 19154 15447 29977 18018 49613 26397 
47898 24334 32643 18023 37354 17107 49932 48801 34940 
46262 16058 44149 36181 37684 19205 19863 34094 32519 
46161 45814 14880 15265 35484 46792 48943 23194 42569 
16215 35208 45164 44353 21086 38292 19800 17102 26719 
12692 29135 19205 11066 12470 16697 26848 45352 19559 
50279 27515 16364 31994 44584 20887 35494 35315 43480 
14412 32225 30507 38913 32329 40865 49912 20617 49383 
50622 42219 19100 21660 33679 33133 20250 34025 45943 
16918 28631 24297 42880 28110 24217 48116 44116 33894 
42759 49496 30921 40279 27938 37369 40571 48399 41845 
39147 36730 18415 49756 47256 49227 39374 36375 22294 
31407 39743 31859 21007 49910 17112 35087 38170 21331 
18056 37460 14077 34377 33009 21531 24830 41094 19244 
43957 28904 36252 29725 41916 20234 14983 18373 41780 
39856 11850 31014 12128 27552 22959 29423 48645 20380 
22188 36622 12162 32893 39588 21114 28544 35108 30840 
36571 43790 17632 18746 12820 16483 12885 26553 36503 
14709 35737 49867 25917 28584 37869 17618 30964 23834 
22088 22916 27431 30896 33151 35646 28123 15595 34254 
24197 11129 11500 24178 28437 23529 50273 26974 35851 
27524 42772 16852 46270 29552 19153 49934 15383 14558 
24314 32349 30355 38087 17122 41150 20199 32020 34093 
23655 45641 49783 13052 11199 42074 18073 21869 17906 
33282 26037 41406 30709 19634 44432 33967 38145 32995 
24222 23867 47670 42535 15315 18585 47277 16251 46926 
18195 31883 39006 26271 41366 29460 15531 44792 18180 
19905 42535 23004 22029 35635 25326 33251 40683 14476 
13894 11942 21737 35392 41562 46721 48602 22475 26408 
39626 28484 17601 11891 49159 32370 49664 13039 18633 
26393 48505 14202 20169 23539 41828 38157 13587 39965 
11472 31849 14254 45863 25878 29812 14479 19690 34817 
12851 19926 45416 22240 42848 35833 20666 11114 19337 
46832 14219 18011 43909 27972 21463 42537 11242 13067 
47869 33887 47305 49775 50081 35645 30010 41341 47328 
17245 30445 35965 43494 11107 19500 29970 44614 15230 
45873 27985 19747 25877 18054 34693 40977 17931 11173 
34175 40976 20153 42070 21468 48760 28717 20650 33211 
40049 48086 32459 17464 42897 31151 35398 34976 28933 
11041 38642 28269 29786 21342 43180 23856 32671 38260 
27807 49301 45036 36519 36413 43521 42919 12031 24341 
31906 23192 47639 12720 40266 12575 15990 36864 19116 
30854 12082 29499 44932 41181 47401 40795 27382 42649 
18962 33118 25945 36649 21659 48498 40878 44975 34182 
48619 15690 28002 19292 22994 18746 46612 46827 16151 
41431 41039 26986 48069 38424 42578 16856 26039 45892 
30520 39376 31644 22450 19568 24895 24744 18172 32981 
28795 21036 43329 23201 15382 30627 47243 39875 47830 
38608 49283 36825 21807 32954 32884 49402 32066 44862 
45602 31413 12093 47106 47886 27015 45000 42980 15256 
37963 44937 45911 32417 19251 38481 15243 37572 35827 
22891 18319 11225 33300 48398 48732 37804 23785 26540 
29059 13920 36645 38783 49122 19639 36896 24398 29028 
29400 40574 33869 26809 24905 23285 24834 20107 27500 
39203 32493 12476 28594 39819 23141 43963 36793 42567 
47821 33981 45455 14940 21491 42717 19671 43323 49431 
17783 32296 41526 33873 28028 33778 33639 27729 36354 
45924 16143 36711 26060 18830 41697 45601 39260 28739 
20672 20319 16536 12222 47757 46061 41998 48390 35614 
21834 18164 12203 16993 14847 12351 23974 45222 44822 
22123 39280 36845 45141 34736 43374 44790 23126 38612 
44245 21300 36269 24261 27105 16761 37896 15906 48247 
14364 27490 38247 44524 11295 43942 34535 40524 24191 
26975 15561 27028 50784 44812 31998 11456 12097 17518 
44672 48171 17839 49707 17781 18493 27408 14829 43368 
45529 28577 14235 35230 22236 22272 17694 19836 43436 
14382 45012 35574 32426 41023 32063 37659 42624 33430 
20162 31040 48687 47051 40976 44247 15853 37940 19305 
38896 38154 42130 19085 31048 42922 36921 32744 41334 
40559 16429 33785 22440 46962 19013 23036 33950 39966 
46362 47812 24781 28149 46131 41802 33280 47459 39345 
36536 50536 27302 15393 28453 42185 19153 20987 21960 
39936 22086 11739 30352 37234 45331 27768 43552 17977 
28274 22335 28860 11396 27043 49226 26944 27742 26666 
22934 24496 14817 21726 19302 21430 32657 38632 41998 
40824 14573 17658 47740 22832 30268 25239 48242 38396 
42426 48788 27802 45776 30585 32052 33083 45832 34702 
35651 42590 28583 20214 42849 50911 27038 23781 22918 
15045 17506 14268 11699 46839 36945 12250 31610 40569 
41196 46988 24239 19989 45536 31250 46351 44553 31673 
45134 11082 37062 36628 37099 48029 16947 21861 44837 
27937 37705 13822 49943 32344 50334 41632 15659 41501 
15949 30045 37162 17382 30330 30114 39481 41427 47801 
39174 17757 32855 36007 43145 11464 15624 41593 18908 
29434 29753 35847 44777 39109 22032 36073 33778 22964 
39159 43611 31526 13906 17272 11131 14436 36507 47954 
30537 31577 23828 45256 34172 14071 34219 30604 22602 
22551 39100 11546 32261 42915 26099 48211 15278 17507 
34336 48085 37092 15770 31312 35836 48455 18494 30630 
26869 43495 31345 11105 41490 16804 22653 36185 28823 
37016 49456 26344 27963 32349 21229 34996 46993 36269 
40098 20274 26744 30555 43230 23305 20636 23505 16961 
28431 21195 19874 46168 22040 20729 50417 44397 41029 
17022 36319 46509 29163 33975 45704 42198 42922 47801 
31154 20672 44274 19765 20336 47133 26881 42567 36696 
11584 20474 18212 32364 21559 30980 27285 22850 16334 
43403 16928 30428 25566 39632 28428 21467 25008 38160 
36630 36299 22337 15172 29359 37395 38935 19945 45501 
45516 42708 42063 31467 48358 28188 34786 13639 46853 
29925 44965 47598 38110 34586 16337 35353 16349 13568 
19669 19721 41367 48770 37664 11801 45101 32386 28140 
17987 11152 31412 35152 49387 27453 39039 26246 20266 
33274 21392 30825 28039 15870 40962 24278 38517 50605 
46770 28290 19505 30899 13455 43093 49937 47672 45128 
46324 25830 42880 20457 22225 36473 24276 15961 11879 
32083 42814 36565 30629 40144 31374 28802 17192 13278 
21561 40993 42441 31756 26752 17582 13171 32202 34229 
43057 32867 38281 49741 11461 11011 27183 18872 43632 
29973 33124 49220 13468 40062 43248 29951 13832 49086 
22367 41013 18888 28945 31280 48151 36655 27351 19961 
14283 11371 19252 26095 46642 33344 35569 20116 25089 
11117 14485 44286 41604 31678 45468 35028 36301 34698 
41377 40530 17389 44398 19003 13062 40852 29811 15963 
46694 31773 49426 35704 45087 18974 38754 15327 28550 
17541 13008 16608 50793 23280 39604 38942 20384 33090 
14267 50893 20973 43660 30401 30852 14473 40881 22944 
14951 49867 34090 47810 14966 50056 40864 42801 28817 
18949 47148 29824 41653 37002 36932 33470 44588 49752 
21245 38488 25667 11646 19624 24751 29832 23932 46146 
49924 12311 49018 16266 24758 25456 47491 30683 25830 
24221 47442 33942 35402 43889 42379 50438 30320 14402 
40184 25560 31925 32444 42379 19014 13215 30819 20503 
41849 29799 35663 13431 21760 22776 41963 40298 15915 
19315 14214 42192 25390 21235 30051 44640 29101 39093 
42274 35386 24372 40308 17909 44939 28872 48758 15745 
22936 20923 50665 21858 31579 13887 11544 37370 25695 
50388 49995 11448 46565 18754 24511 50789 14521 32559 
28001 50812 16867 48548 44071 33450 28886 16689 35960 
44773 46925 16542 15285 33901 35263 29782 22098 43537 
30124 21072 29358 23186 28930 25272 28547 16908 43858 
49646 41521 35669 16567 24518 12031 37348 39459 22157 
48024 20508 28538 13669 19892 27050 47736 13639 12179 
35390 35346 38633 34239 38028 18348 36677 36836 11957 
28092 50648 49426 45261 41291 31465 38372 35030 50984 
17388 31546 46659 50300 17207 34739 43469 46752 23060 
20484 37480 50658 27899 38199 31011 14737 25208 47328 
39170 39349 37775 47556 43671 34355 25539 37183 21301 
12864 34978 32007 20931 50991 42087 14540 11178 43835 
11238 18471 32726 16826 46531 48775 34919 14789 45064 
35592 41559 28305 47479 34897 45520 18930 29946 14847 
20809 19476 49259 21132 49385 14925 27129 17147 17181 
37470 25918 40290 21336 14916 14170 40650 31305 41591 
15412 15613 32599 27347 46633 13303 14778 14006 39122 
33513 34704 35730 28921 46741 46897 43998 47245 18626 
33131 22946 45451 49571 33708 49548 23209 20099 19197 
21257 38149 44655 17912 34894 44302 48875 44139 33630 
28253 27971 19701 38194 47731 35667 37524 22202 33989 
20758 22707 28080 11594 16721 40145 25571 38848 37668 
19901 40347 42687 49017 35306 46678 44126 31485 12452 
20742 36478 47724 49345 37137 32245 45221 50868 12251 
40084 49825 31386 13567 35931 31337 19984 41361 36487 
35172 40553 12834 13622 36815 48597 21214 50112 13211 
23483 15933 27380 12230 35159 12239 27702 22567 18683 
47010 42402 19601 22632 46092 23894 28967 31908 45116 
20938 29860 32609 27150 50561 12315 24903 28435 15804 
50626 19148 21676 39741 12334 27588 15779 27058 22028 
21857 33658 32345 39843 26571 47564 49097 22014 38091 
49063 35577 19173 23636 11568 26221 26744 23480 23750 
21891 40489 21646 26314 20001 33046 22586 23903 49395 
27662 22287 32108 50015 41691 45177 35353 25926 43792 
29498 44357 21832 38258 44784 49723 14769 40023 30728 
44888 12380 29278 28309 19530 43304 38037 14982 46658 
49482 34797 13335 19504 35245 15006 41350 14591 50780 
12585 26806 14920 19154 32969 16712 50945 38913 36266 
32386 41731 32342 44941 18119 41769 21785 36389 19328 
35328 41532 13658 42498 45187 17949 29448 42139 25057 
12651 36061 43944 13756 40231 14230 44312 42554 15708 
20166 24804 23087 38593 25547 42537 27627 30627 35383 
20205 30999 46495 25183 41787 45110 28938 47948 13001 
24561 17829 41732 40995 11075 28177 49852 23429 16019 
45910 23681 29792 20907 47250 37274 26293 50371 14837 
44681 33458 44588 24522 37684 46670 31992 40485 13026 
42049 22903 43835 42048 22647 20843 25758 34380 31632 
28156 43712 26565 15204 49412 21110 20390 16468 23769 
40602 43790 48679 30154 28073 26070 33540 35848 40201 
28388 39576 19901 17988 41770 49824 25653 44171 45433 
46270 50968 11658 25300 12965 26918 43876 44365 50430 
38485 41174 48305 49197 42159 46066 46510 28674 23614 
33736 21839 17497 36366 40306 19449 38824 27282 33756 
13005 29101 37927 17477 23760 50059 27574 49996 44868 
20045 23417 21172 29891 49121 45124 22614 25981 29285 
45198 41761 44737 22402 42433 33845 21922 45672 11493 
18028 24604 42580 23885 25547 19150 34105 30462 36771 
33769 37400 42534 29879 45829 23968 19103 49498 42345 
16514 39281 29313 46160 44212 50143 50750 19775 27997 
30346 19125 42924 42144 29330 27158 17298 11786 46031 
20997 34054 17441 27133 30703 41612 24735 48648 47107 
20594 27214 33194 37739 50172 23157 38821 42358 41089 
18088 44061 14061 22038 46389 21000 33087 23994 17386 
14205 14279 45825 41321 15606 38989 28463 47861 27286 
15697 39937 38747 41344 22694 35032 17556 50888 13854 
33321 21344 42588 12285 45774 20089 16253 12561 42377 
12582 43733 15187 50567 49465 50523 48980 25155 47104 
39359 46272 43654 21493 34716 35746 34098 35908 16533 
19102 43166 26699 18959 13310 30496 19257 26243 37882 
39952 32578 12384 18037 21558 22868 22575 24570 20717 
19101 41571 42634 21542 27276 19306 16184 17075 28871 
34775 34609 32097 33182 38343 37139 35320 11036 24064 
44366 43893 37462 42191 48886 45808 12435 20179 23419 
11604 15305 21073 29659 42215 47815 33953 44189 27125 
24347 18737 24842 14322 48987 41358 46849 21008 38812 
28276 30033 50795 26211 40384 46083 13068 17017 31792 
23691 42361 19076 38158 45495 15250 11760 33069 24626 
35898 15174 14564 47590 37533 47959 29600 41380 22228 
18960 14252 32591 26109 43537 32176 25447 25128 42878 
41780 37634 40469 42965 46263 14761 12062 42385 36908 
14051 40814 42921 22991 35708 43249 23368 37631 16215 
39387 24109 28487 15771 26789 23753 12806 44277 11971 
30873 47030 28781 38206 24567 38054 31405 45069 11499 
40891 15022 48431 27841 44423 30602 47992 20618 16413 
44439 49245 41022 14403 28134 33752 35229 38625 50384 
12179 41743 17693 17979 13127 14676 34962 13135 42824 
42997 31573 42685 30515 19764 13821 25459 48320 29867 
24771 47159 20675 44852 32032 39331 21864 23582 47329 
33075 38169 32493 23079 39364 17375 49440 42903 44764 
24211 16115 17508 46446 31130 18836 11922 19841 24644 
30419 43584 22413 26004 30667 20861 14578 18163 41191 
38601 11406 33614 28275 19741 42092 17514 30626 47004 
32718 40416 27307 25327 18044 45824 21651 41720 48118 
13274 14120 45407 29369 17551 30718 21208 23581 31673 
50744 41999 22808 39089 43578 38413 47354 19354 23357 
41223 48675 30356 15999 36154 14492 26620 21874 35586 
22258 24668 17577 41639 16888 40883 33692 15034 32524 
32252 31531 46200 44992 14968 45360 43700 20488 17693 
12832 49798 42525 14135 19503 43005 41165 38017 28381 
14271 20087 40826 15991 50262 35011 34242 45023 44024 
22261 37980 35794 43166 45461 38715 42332 27527 25170 
29914 22272 14096 29056 35867 27908 11798 18710 30105 
41381 11976 11349 39075 49924 13455 17519 47534 18390 
12512 12685 41671 14633 48083 20130 15107 47436 33937 
35886 50523 34985 20739 41060 49202 14811 29491 17133 
40062 26359 37487 29115 35316 47684 39169 30057 32724 
29349 38711 34659 28418 47558 23935 38610 47853 26108 
35810 25126 41671 29637 27306 21077 13156 25607 30454 
47411 34114 42930 14936 29004 50487 38827 47570 24384 
12169 24925 46981 50456 32538 23685 25610 23015 35136 
15798 41196 30627 19220 24123 41433 49556 16178 18800 
23115 47909 22467 30810 28035 33771 40412 36009 44558 
42937 42939 35117 28511 39089 37803 41889 40778 14593 
39972 23968 46015 40285 12151 13811 32177 13122 12657 
42150 28821 36463 32249 47156 39873 22070 23703 11305 
46809 43583 42566 17043 15327 43690 21378 14403 11698 
27368 21345 35219 47992 14695 17695 12319 46504 28369 
35064 14612 17673 43597 35459 38046 19572 23351 40252 
13729 29460 24098 17864 47596 43499 32808 14051 26993 
25211 27400 44101 43196 13878 17164 11039 28917 11808 
26917 25460 34401 16771 15485 41437 39527 36401 15884 
16681 20778 11382 34171 29228 29893 35899 11066 18904 
38370 30748 28921 40163 30678 11405 33704 48859 36177 
21453 25348 14004 42674 17650 18014 31128 45191 48762 
37634 29708 21912 37687 17766 16951 17019 49586 38938 
21287 46839 33136 25833 23481 30225 34589 34526 48702 
18035 29759 46255 32644 13121 14361 49764 15935 15108 
26599 37092 44769 27745 14543 48419 11868 28631 24084 
16822 21529 43737 32992 21241 11562 37509 22637 42356 
38526 49576 19752 40339 26334 15100 33407 16455 14048 
47909 15034 27079 40907 31267 47364 14914 29122 27372 
17386 31901 19970 28511 45365 13097 47969 37521 33263 
35693 28830 12089 38525 13514 32263 26293 32890 25576 
24044 20276 21080 12582 13329 45327 47736 47554 34691 
41051 23890 37789 21128 49502 25995 19344 11358 15124 
13862 21025 44600 25837 36223 47255 35150 18911 17724 
31808 50644 21525 28997 15582 21281 35618 49046 26337 
39864 20702 38675 27472 32368 15610 47598 26689 32425 
26371 36676 21637 47635 12632 49619 14543 32239 28703 
49647 29811 17936 21002 42021 15801 17265 37816 50723 
21348 13961 11841 43016 24817 19182 23850 36059 34478 
18556 18789 27498 38621 48553 44100 18052 44369 15307 
45428 39755 49680 13332 42826 20537 14120 11158 26374 
28131 44866 21150 46826 45505 11853 19893 13519 19758 
23653 29327 12270 43462 46283 20540 50009 15113 43561 
26076 37306 17043 41403 25880 12980 50838 21590 50052 
22219 25009 44730 15162 41273 48805 40082 42407 46006 
43926 42501 50789 49697 25513 12129 43562 23092 43983 
17779 12001 31373 36848 33090 20244 49276 28650 14321 
36258 20907 36780 46956 18673 40356 50932 42830 38145 
45906 36929 46916 11997 29056 20843 46454 46888 29297 
15237 44355 23555 39319 19376 37542 41589 20639 49577 
48510 33623 13277 31033 35056 47760 49754 11055 44515 
33308 27974 33626 27421 39159 23517 42711 38798 19486 
30017 19202 42190 37016 35821 38674 45428 37474 25825 
17849 29702 18026 43773 37721 45578 50627 29619 28702 
17727 16897 49088 13450 44533 35787 27165 38245 23255 
14891 40185 32340 45488 31318 18832 26430 44931 47389 
43412 29529 18983 34705 36242 22645 45138 31191 34281 
40380 19985 37188 27047 32287 33622 15016 41586 24328 
14697 12499 42886 48055 20054 38202 26288 44394 30551 
32304 49554 41896 46109 46373 49335 30812 49361 22572 
22537 36809 27746 48787 26843 34956 25160 29195 31174 
39453 43069 29666 42090 35870 18763 14970 35260 23220 
30856 12379 34495 46907 15876 47830 41787 22549 50675 
48807 43983 37442 34818 46773 22360 26995 18694 11281 
39057 15301 28440 36717 12322 40133 30869 34423 44002 
41692 14425 21887 17149 18776 13878 29242 33546 33106 
21893 31193 32047 28816 46119 43214 24474 36493 25203 
22775 39264 22831 18486 19926 48597 23541 39035 40558 
40094 17944 36430 15100 13996 12941 28964 19568 14998 
13963 33503 44793 11095 31908 28302 11129 48501 38894 
49790 11474 37655 34312 26799 27193 36424 29198 45038 
39731 23641 14011 39737 40091 27184 27162 31253 45938 
48070 24584 19003 41842 19263 46605 14884 50033 13406 
15019 33187 39717 38181 38756 24332 20595 30558 44313 
40356 16175 14764 50232 17074 20158 45949 15305 30973 
34640 23293 34783 28776 30732 15744 18914 42328 38876 
39122 30262 41207 31012 43837 31579 18038 20786 22739 
45488 43659 36945 33492 43809 25473 43396 42619 24269 
25685 44233 34166 40622 40741 23900 47422 25333 21201 
19340 23928 42266 14908 36852 30544 16726 38605 26856 
22893 18245 34586 16189 39844 32669 44530 41802 16230 
28317 47374 15969 27845 36638 19205 39177 27162 46435 
25598 13263 29350 38714 35874 48050 19776 43272 35393 
12543 13017 33952 43970 41401 19930 48781 31448 30256 
12495 28980 30746 28987 36167 49740 26263 42989 16824 
40114 29209 17978 21414 17480 36607 41532 26202 13228 
40922 24313 16492 21673 36594 18599 26338 29365 38651 
41577 23615 31966 12920 17283 26314 30676 18586 11982 
25778 30166 18198 21876 41460 35451 36755 15411 31780 
45832 34620 25603 30899 28956 22664 38963 11996 20170 
25471 45837 40877 28029 12793 31506 35026 11133 48130 
13981 47348 45687 33626 45243 20433 41953 35009 29787 
49129 31324 18443 12323 50581 41616 17180 46551 21496 
34043 35281 34098 18855 20346 38241 23127 42973 48227 
21547 44264 31971 28323 44503 42586 16390 47244 38459 
20627 43130 24466 18142 30199 21067 18309 16917 36364 
37211 17928 41735 11648 41602 32061 48260 13644 22773 
31902 42832 44948 18461 42358 15568 23923 22075 36147 
38765 45389 33271 40553 19542 14718 29427 14978 13841 
15110 23062 17179 40128 16395 49275 30663 18045 31056 
25628 32220 28463 14831 37826 30067 44254 44450 37753 
19904 46987 49378 24397 24007 25369 17410 27840 37226 
22594 38672 40767 15522 32630 47208 16329 14206 36216 
38139 41729 39206 22151 26758 34365 50648 22488 21085 
31972 36356 14014 11517 39872 33248 40869 20817 40318 
43888 47004 29606 25923 33333 44373 29767 25554 12671 
46433 38496 32740 46343 45299 18645 11990 40401 29839 
22917 11118 12063 31053 48335 22001 38719 36068 30173 
12873 43836 14386 27931 32243 13779 15184 14695 36926 
48715 20028 43248 27166 36769 24257 38517 18460 31482 
41179 14001 29177 11501 18223 39881 14825 39797 17032 
11103 11710 32737 42607 12512 43982 40633 50864 39988 
30756 16202 22812 48271 26144 18475 12464 22512 32330 
27472 13714 14857 23833 40406 12425 33381 26219 19396 
47449 25714 32462 30982 26606 36660 19279 50911 25267 
11695 38511 35688 11900 35605 21446 32683 21926 25756 
14640 40939 17566 50387 48514 21926 18607 34517 37349 
27039 30495 27049 45157 46589 13778 46058 32134 41106 