24417 15991 25064 23516 47939 40183 29131 20415 40787 
46048 39321 24989 40660 30501 24252 44641 49752 11026 
48186 16379 24756 18759 24901 27014 34570 26119 15275 
20442 35568 32794 29395 42320 50543 37309 14345 46117 
25801 18557 39608 27964 39700 42033 33285 36571 47429 
33067 13054 15829 24408 29147 15743 45882 42888 34150 
43728 34015 44203 38145 50450 47851 37459 34319 34913 
11685 31196 11626 39019 27140 34130 32436 26294 20222 
11269 17577 45075 20637 49207 30166 11540 41202 19725 
26589 45332 33477 24643 39992 22511 44726 15013 45443 
12141 15982 48702 39223 24219 42910 11979 28597 22267 
24130 15852 35531 26634 39900 30632 19312 38720 46497 
46714 15362 24543 29513 11544 32548 16240 37414 42378 
12264 46268 29178 37677 29944 34306 29374 32046 19824 
43596 28963 31604 43334 30973 27924 27196 33377 49778 
22196 20673 12144 31964 15194 35613 13964 46635 38932 
11170 42264 49835 43472 28013 35867 33475 30326 14587 
19546 23897 50049 23096 11814 37531 32742 36584 18685 
43701 22268 31696 16788 36502 25808 36879 20743 23396 
12196 38398 16912 30293 35180 47042 26352 25394 35109 
27241 23436 35595 40407 11118 34754 41192 19084 22266 
18429 34384 42988 50070 44936 39709 46321 43759 13894 
33683 38795 29751 20621 19597 27249 37633 19196 21092 
35524 16623 32098 39840 21795 15277 35624 17340 25528 
22817 47554 43765 35468 45099 27973 34570 21693 36653 
40226 27523 41828 41937 23552 25831 42447 24817 13090 
33205 34788 12693 46733 31715 15015 44865 21494 20126 
30559 24464 24618 31852 36194 44599 11982 17833 16460 
14762 30431 40736 22133 29719 14055 32656 19435 39698 
44432 48451 12328 11605 26305 21987 25627 17625 45034 
46850 15956 37276 26953 38310 43367 18069 47984 31889 
22111 28246 19040 50361 36013 45047 18603 25940 31847 
47651 19393 41027 48902 31230 27746 39826 45531 20391 
34479 41037 47158 40983 37502 39774 42661 46582 39946 
21514 50681 45437 32460 48815 27964 26883 36053 28585 
21677 40479 24083 29406 26197 44285 13566 37822 31807 
35252 19199 12753 42684 33166 15992 46852 40888 20806 
33882 49553 48643 42191 30384 22728 46556 41987 27848 
38887 36119 15818 11931 44638 34655 20817 41666 17649 
24878 23877 30172 26718 38531 41513 48487 19847 33726 
16100 50963 39878 32466 19156 35799 34433 28484 27360 
13189 46593 50140 11047 44350 35951 49012 38306 34713 
11123 42383 42700 19898 29775 45058 19788 43707 23697 
43024 32687 12155 22208 18310 46411 42513 31401 48468 
43853 45835 13330 50887 26781 14702 20611 15685 15140 
24786 39776 37167 31670 45814 31375 15935 30226 36520 
33281 13522 35672 23814 11531 18918 18049 11556 12107 
25552 45374 11521 39340 43292 12332 43014 21029 20084 
24743 43332 49771 48387 50450 39968 45377 21595 44316 
28210 26759 32026 36598 28265 49294 11912 48739 28902 
30143 14652 37843 42065 42919 48221 28704 38432 21948 
36067 34068 23405 26897 25862 11322 42543 17211 34795 
47819 45336 20727 46824 36046 36341 23553 14403 44161 
28802 26111 42022 12261 30209 44448 33693 12812 12110 
12874 45416 49494 47207 48871 25238 29896 27237 49742 
32474 25278 37734 46241 29100 22348 22188 30323 36321 
47084 17162 27002 18214 29464 16806 25608 40130 41496 
31765 44967 42248 18257 28449 36950 27093 47958 33960 
30699 49877 21295 40588 22200 35217 16225 23662 32506 
44449 34303 12286 34533 35613 17810 22168 45749 38613 
28904 43301 45446 37193 43198 30601 13947 20346 37018 
34860 18994 36910 34548 18626 22322 43205 43911 18829 
26293 46514 18677 27728 47117 20742 42704 41856 35884 
39072 39011 28321 46957 33864 47428 38579 11415 36930 
27416 37862 24996 31935 15080 18755 30669 17273 40821 
25930 19212 34454 36294 18187 30386 25833 40077 35742 
26542 36338 48490 21807 20581 22567 34377 48341 19988 
35012 17082 42286 23867 15801 36614 13379 48000 14492 
39434 19111 46808 18060 31896 42746 12196 24683 12114 
45646 50447 19206 20192 50858 26485 50969 30131 19754 
50024 37648 43897 12672 13671 44902 27598 15456 39697 
23947 11461 39066 16103 39553 32454 22961 50983 22064 
19740 38694 33358 42681 39539 22122 18422 27356 36824 
21996 37241 11410 47738 38866 43869 43874 18571 23320 
31284 18240 17263 31695 41678 26703 25089 34307 48473 
30194 16820 43010 25346 44052 45413 29462 23634 30969 
48978 37868 31826 31099 15479 25473 46006 24885 11517 
45587 37478 35760 28935 43196 17366 27207 18571 12973 
20859 42998 50522 19554 19507 45569 33226 42091 32354 
47813 47941 25862 30496 16098 13821 25815 46898 29234 
47544 35269 33632 25724 48075 21068 48051 12796 22867 
24527 25123 30606 41317 42496 19411 12207 28210 48872 
36472 43005 30868 32102 33202 42923 30034 41005 29164 
15460 47195 38978 36424 27029 12565 43375 34108 31255 
32844 15875 19713 41705 15105 39057 31821 25666 33095 
31118 37964 21380 40610 49430 20396 18479 17410 16270 
11251 16549 49795 40710 50778 27875 29006 12428 42290 
48627 27526 19653 33413 23607 11665 30035 34634 25237 
23968 30633 24355 12281 21454 37997 23463 29193 24754  